# haloID | t_form | t_disrupt | t_accrete | log Mgc at birth | log Mgc  x | y | z | vx | vy | vz | JR | Jz | Jp | rapo | rperi | pot | [Fe/H] | origin leaf | partype | log Mh at birth | log Ms at birth (B13) | log Mh | log Ms (B13) | log Ms (K18)
506151 12.975 -1.000 -1.000 5.149 3.321 -0.264 3.429 19.090 195.093 89.238 87.847 4.347e+02 3.493e+03 -6.925e+02 3.507e+01 1.353e+01 -1.075e+05 -1.850 -1 2 10.048 7.198 12.171 10.571 10.760
506151 12.887 -1.000 -1.000 5.552 5.141 -9.747 7.759 -5.978 69.957 -68.778 82.125 1.163e+03 2.295e+02 1.276e+02 1.703e+01 8.454e-01 -1.240e+05 -1.696 -1 2 10.286 7.754 12.171 10.571 10.760
506151 12.853 -1.000 -1.000 5.399 4.934 12.092 16.647 -3.565 33.566 180.829 -6.182 1.520e+03 7.142e+01 1.628e+03 3.084e+01 4.083e+00 -1.079e+05 -1.694 -1 2 10.309 7.761 12.171 10.571 10.760
506151 12.705 -1.000 -1.000 5.937 5.447 2.114 -1.436 1.108 -129.657 270.725 -154.739 5.122e+02 8.170e+01 3.861e+02 9.043e+00 8.826e-01 -1.985e+05 -1.575 -1 2 10.515 8.104 12.171 10.571 10.760
506151 12.705 -1.000 -1.000 5.044 4.159 -0.734 -22.311 -2.964 1.192 -163.065 -27.838 2.466e+03 3.248e+01 1.463e+02 3.180e+01 3.010e-01 -1.049e+05 -1.505 -1 2 10.515 8.104 12.171 10.571 10.760
506151 12.705 -1.000 -1.000 5.253 4.036 1.298 0.397 15.311 29.097 101.787 -89.914 3.452e+02 1.878e+03 1.206e+02 1.925e+01 4.691e+00 -1.170e+05 -1.477 -1 2 10.515 8.104 12.171 10.571 10.760
506151 12.536 -1.000 -1.000 5.860 4.807 -1.720 2.989 -2.968 26.752 -110.306 -92.663 8.116e+01 5.444e+02 1.098e+02 4.586e+00 2.087e+00 -1.741e+05 -1.651 -1 2 10.629 8.192 12.171 10.571 10.760
506151 12.451 -1.000 -1.000 6.126 5.766 -2.098 -3.686 -6.535 70.436 -48.826 -21.599 2.781e+02 3.778e+02 3.621e+02 8.117e+00 1.641e+00 -1.479e+05 -1.446 -1 2 10.726 8.295 12.171 10.571 10.760
506151 12.451 -1.000 -1.000 5.632 4.435 2.925 4.537 -0.171 4.132 88.928 -64.388 3.196e+02 1.449e+02 2.414e+02 5.826e+00 9.220e-01 -1.660e+05 -1.503 -1 2 10.726 8.295 12.171 10.571 10.760
506151 12.451 -1.000 -1.000 5.357 4.551 -31.245 17.039 0.299 -100.060 -93.051 29.910 5.599e+02 9.147e+01 4.612e+03 3.708e+01 1.672e+01 -8.673e+04 -1.193 -1 2 10.726 8.295 12.171 10.571 10.760
506151 12.128 -1.000 -1.000 6.198 4.983 0.085 -0.001 0.344 41.750 50.079 -21.765 4.959e+00 1.349e+00 4.298e+00 1.741e-01 1.741e-01 -3.249e+05 -1.345 -1 2 11.006 8.494 12.171 10.571 10.760
506151 12.128 -1.000 -1.000 6.083 5.465 0.051 -0.656 1.289 182.610 93.071 142.469 1.935e+01 1.928e+02 1.245e+02 1.357e+00 1.357e+00 -2.395e+05 -1.565 -1 2 11.006 8.494 12.171 10.571 10.760
506151 12.128 -1.000 -1.000 5.809 5.123 -1.054 -1.356 -1.527 22.437 8.885 -42.259 1.597e+02 1.646e+01 2.106e+01 2.240e+00 2.233e-01 -2.095e+05 -1.338 -1 2 11.006 8.494 12.171 10.571 10.760
506151 11.276 -1.000 -1.000 6.055 5.688 4.154 1.556 0.716 4.826 101.277 72.288 1.450e+02 9.681e+01 4.132e+02 4.663e+00 1.363e+00 -1.747e+05 -1.208 -1 2 11.298 9.020 12.171 10.571 10.760
506151 11.276 -1.000 -1.000 5.576 5.066 -4.942 6.428 -2.773 124.472 -1.039 48.095 3.422e+02 7.555e+01 -7.950e+02 9.655e+00 2.236e+00 -1.448e+05 -1.204 -1 2 11.298 9.020 12.171 10.571 10.760
506151 11.130 -1.000 -1.000 6.149 5.550 -0.172 0.228 0.399 54.873 255.018 228.671 6.323e+01 2.008e+01 -5.637e+01 1.067e+00 2.494e-01 -3.074e+05 -0.580 -1 2 11.421 9.209 12.171 10.571 10.760
506151 11.130 -1.000 -1.000 5.625 4.705 0.441 -4.314 1.818 158.849 130.646 -74.321 1.502e+02 7.570e+01 7.429e+02 6.708e+00 2.409e+00 -1.725e+05 -1.054 -1 2 11.421 9.209 12.171 10.571 10.760
506151 11.130 -1.000 -1.000 5.519 4.224 -5.557 0.637 2.558 112.778 12.557 -21.338 5.032e+02 6.737e+01 -1.416e+02 7.065e+00 4.100e-01 -1.598e+05 -1.415 -1 2 11.421 9.209 12.171 10.571 10.760
506151 11.130 -1.000 -1.000 5.618 4.425 0.219 0.878 1.207 -30.024 234.680 -310.924 1.873e+02 5.013e+02 7.776e+01 5.625e+00 1.464e+00 -2.354e+05 -0.533 -1 2 11.421 9.209 12.171 10.571 10.760
506151 10.975 -1.000 -1.000 6.601 6.214 -0.562 0.236 -0.026 6.968 5.250 34.286 3.527e+01 7.111e+01 -4.595e+00 6.100e-01 6.525e-02 -2.843e+05 -0.851 -1 2 11.539 9.373 12.171 10.571 10.760
506151 10.975 -1.000 -1.000 6.069 5.400 0.222 -0.925 0.836 -48.622 84.997 128.873 2.388e+01 1.844e+02 -2.611e+01 1.132e+00 6.537e-01 -2.447e+05 -0.487 -1 2 11.539 9.373 12.171 10.571 10.760
506151 10.975 -1.000 -1.000 5.216 3.469 2.374 4.655 -4.574 138.198 -97.878 -48.571 3.000e+01 3.599e+02 -8.757e+02 7.271e+00 4.567e+00 -1.538e+05 -1.368 -1 2 11.539 9.373 12.171 10.571 10.760
506151 10.975 -1.000 -1.000 5.321 4.289 -3.661 10.969 -7.374 -67.544 27.961 -13.948 6.867e+02 2.449e+02 6.385e+02 1.455e+01 1.726e+00 -1.240e+05 -1.042 -1 2 11.539 9.373 12.171 10.571 10.760
506151 10.975 -1.000 -1.000 5.976 5.455 0.086 -0.578 -0.432 -75.866 312.822 -138.358 5.161e+01 2.111e+02 -1.695e+01 1.637e+00 5.980e-01 -2.789e+05 -0.825 -1 2 11.539 9.373 12.171 10.571 10.760
506151 10.975 -1.000 -1.000 5.938 5.292 0.025 1.314 0.514 -50.733 -115.452 18.933 8.703e+01 7.664e+01 6.378e+01 1.535e+00 2.499e-01 -2.358e+05 -0.260 -1 2 11.539 9.373 12.171 10.571 10.760
506151 10.975 -1.000 -1.000 6.108 5.403 0.382 0.198 -0.800 186.304 -165.083 -201.363 6.295e+01 8.480e+01 -9.995e+01 1.535e+00 5.808e-01 -2.720e+05 -0.856 -1 2 11.539 9.373 12.171 10.571 10.760
506151 10.975 -1.000 -1.000 6.071 5.267 -0.204 -0.643 0.312 0.186 4.822 84.840 3.276e+01 9.194e+01 -8.641e-01 7.205e-01 1.712e-01 -2.750e+05 -1.004 -1 2 11.539 9.373 12.171 10.571 10.760
506151 10.975 -1.000 -1.000 5.616 4.788 3.181 2.376 -0.322 66.373 88.815 88.385 1.996e+02 2.818e+02 1.248e+02 4.518e+00 9.746e-01 -1.805e+05 -1.106 -1 2 11.539 9.373 12.171 10.571 10.760
506151 10.975 -1.000 -1.000 5.518 3.600 1.809 -0.704 1.563 -86.784 -121.407 35.558 4.374e+01 9.388e+01 -2.807e+02 2.401e+00 1.184e+00 -2.050e+05 -0.838 -1 2 11.539 9.373 12.171 10.571 10.760
506151 10.975 -1.000 -1.000 6.283 5.646 -0.318 0.189 -0.035 -171.197 -33.287 -126.144 1.140e+01 2.667e+01 4.294e+01 5.221e-01 2.123e-01 -3.093e+05 -0.288 -1 2 11.539 9.373 12.171 10.571 10.760
506151 10.975 -1.000 -1.000 6.010 5.361 -0.653 0.272 -0.178 138.602 206.911 42.584 3.450e+00 5.855e+00 -1.728e+02 8.409e-01 6.571e-01 -2.747e+05 -1.239 -1 2 11.539 9.373 12.171 10.571 10.760
506151 10.975 -1.000 -1.000 6.024 5.176 -0.046 -0.020 0.347 -371.749 59.610 -8.880 3.979e+01 1.142e+02 -1.018e+01 8.048e-01 4.205e-01 -3.258e+05 -0.411 -1 2 11.539 9.373 12.171 10.571 10.760
506151 10.833 -1.000 -1.000 6.391 5.894 0.169 0.144 -0.010 -8.977 115.425 -145.837 2.574e+00 2.064e+01 2.080e+01 3.180e-01 1.864e-01 -3.255e+05 -1.114 -1 2 11.628 9.534 12.171 10.571 10.760
506151 10.833 -1.000 -1.000 6.014 5.510 3.899 6.145 -15.782 -45.745 36.861 6.412 6.313e+02 1.003e+03 4.248e+02 1.884e+01 2.332e+00 -1.124e+05 -0.878 -1 2 11.628 9.534 12.171 10.571 10.760
506151 10.833 -1.000 -1.000 5.662 4.890 0.440 0.111 -1.784 58.329 -8.427 211.995 1.540e+02 1.357e+02 -1.018e+01 2.497e+00 4.405e-01 -2.249e+05 -0.821 -1 2 11.628 9.534 12.171 10.571 10.760
506151 10.833 -1.000 -1.000 5.334 3.339 1.691 -5.364 2.918 25.559 -38.251 -101.883 2.086e+02 6.008e+02 7.242e+01 6.390e+00 1.971e+00 -1.584e+05 -0.898 -1 2 11.628 9.534 12.171 10.571 10.760
506151 10.833 -1.000 -1.000 6.082 5.253 0.399 0.121 0.236 -76.932 124.358 -228.893 1.494e+01 5.632e+01 5.893e+01 7.036e-01 3.600e-01 -3.008e+05 -0.954 -1 2 11.628 9.534 12.171 10.571 10.760
506151 10.833 -1.000 -1.000 6.158 5.298 -0.026 0.648 0.044 87.235 -80.141 -196.980 9.205e+00 1.017e+02 -5.444e+01 7.956e-01 4.427e-01 -2.808e+05 -0.782 -1 2 11.628 9.534 12.171 10.571 10.760
506151 10.685 -1.000 -1.000 6.705 6.404 0.827 1.545 -0.256 -338.445 8.388 111.679 1.963e+02 3.174e+01 5.298e+02 5.693e+00 1.439e+00 -2.223e+05 -0.378 -1 2 11.708 9.917 12.171 10.571 10.760
506151 10.685 -1.000 -1.000 5.591 4.679 -3.341 -4.503 0.632 54.781 -157.546 52.546 1.560e+02 3.849e+01 7.730e+02 6.703e+00 2.406e+00 -1.640e+05 -0.463 -1 2 11.708 9.917 12.171 10.571 10.760
506151 10.685 -1.000 -1.000 5.686 5.111 -3.353 -6.000 -5.615 -11.112 -56.527 -107.568 6.288e+02 3.248e+02 1.229e+02 1.054e+01 9.198e-01 -1.426e+05 -0.541 -1 2 11.708 9.917 12.171 10.571 10.760
506151 10.685 -1.000 -1.000 5.534 4.521 -1.475 1.367 1.217 -195.869 -84.446 -245.599 9.887e+01 3.760e+02 3.923e+02 5.684e+00 2.322e+00 -2.077e+05 -0.696 -1 2 11.708 9.917 12.171 10.571 10.760
506151 10.685 -1.000 -1.000 5.336 4.797 -9.486 1.678 -0.944 86.186 36.973 -68.680 4.780e+02 2.802e+02 -4.953e+02 1.042e+01 2.286e+00 -1.397e+05 -0.379 -1 2 11.708 9.917 12.171 10.571 10.760
506151 10.685 -1.000 -1.000 6.268 5.842 0.131 -0.771 0.616 -220.963 -206.569 -116.839 2.341e+01 1.182e+02 -1.974e+02 1.707e+00 1.062e+00 -2.595e+05 -0.865 -1 2 11.708 9.917 12.171 10.571 10.760
506151 10.685 -1.000 -1.000 6.000 5.648 -8.683 3.867 6.944 -119.263 -25.127 85.320 6.724e+02 2.894e+02 6.794e+02 1.523e+01 1.914e+00 -1.303e+05 -0.400 -1 2 11.708 9.917 12.171 10.571 10.760
506151 10.685 -1.000 -1.000 5.375 4.398 -0.311 -1.814 -3.758 -99.493 -19.078 101.891 1.357e+02 3.398e+02 -1.745e+02 4.525e+00 1.382e+00 -1.783e+05 -0.445 -1 2 11.708 9.917 12.171 10.571 10.760
506151 10.685 -1.000 -1.000 5.412 3.007 -3.851 -8.248 4.797 81.883 52.040 7.699 5.491e+02 2.184e+02 4.750e+02 1.113e+01 1.623e+00 -1.365e+05 -0.325 -1 2 11.708 9.917 12.171 10.571 10.760
506151 10.685 -1.000 -1.000 6.246 5.668 -0.487 0.199 -0.767 31.672 -74.097 -178.311 2.979e+01 9.735e+01 2.978e+01 8.630e-01 4.740e-01 -2.685e+05 -0.643 -1 2 11.708 9.917 12.171 10.571 10.760
506151 10.685 -1.000 -1.000 5.086 3.140 11.313 -9.252 -8.133 196.387 112.805 -33.723 2.614e+02 4.846e+02 3.093e+03 2.631e+01 1.284e+01 -1.159e+05 -0.427 -1 2 11.708 9.917 12.171 10.571 10.760
506151 10.685 -1.000 -1.000 6.253 5.814 -1.972 0.041 -1.546 61.115 -51.082 -24.845 1.368e+02 9.284e+01 9.823e+01 2.482e+00 4.233e-01 -2.046e+05 -0.982 -1 2 11.708 9.917 12.171 10.571 10.760
506151 10.685 -1.000 -1.000 5.621 4.976 -1.360 -2.900 1.979 59.821 142.615 3.820 2.558e+02 2.947e+02 -2.048e+01 4.569e+00 6.947e-01 -1.834e+05 -1.121 -1 2 11.708 9.917 12.171 10.571 10.760
506151 10.685 -1.000 -1.000 5.307 4.664 -28.235 -2.629 3.996 103.323 -134.150 2.705 5.974e+02 6.712e+01 4.059e+03 3.431e+01 1.403e+01 -9.531e+04 -0.980 -1 2 11.708 9.917 12.171 10.571 10.760
506151 10.685 -1.000 -1.000 5.437 4.338 3.606 -1.743 -3.606 66.506 -40.554 16.731 3.263e+02 3.018e+02 -3.032e+01 5.560e+00 7.433e-01 -1.659e+05 -0.849 -1 2 11.708 9.917 12.171 10.571 10.760
506151 10.685 -1.000 -1.000 5.395 3.158 -2.888 -1.799 1.467 4.096 -13.608 71.676 2.145e+02 2.079e+02 4.667e+01 3.735e+00 5.148e-01 -1.841e+05 -0.495 -1 2 11.708 9.917 12.171 10.571 10.760
506151 10.685 -1.000 -1.000 6.207 5.487 0.214 0.092 -0.312 3.356 27.752 -99.747 1.435e+01 5.302e-01 5.630e+00 3.336e-01 9.630e-02 -3.169e+05 -0.246 -1 2 11.708 9.917 12.171 10.571 10.760
506151 10.685 -1.000 -1.000 6.094 5.247 -0.432 0.446 0.046 -59.589 145.743 -232.624 1.617e+01 1.378e+02 -3.638e+01 9.818e-01 4.721e-01 -2.832e+05 -0.905 -1 2 11.708 9.917 12.171 10.571 10.760
506151 10.685 -1.000 -1.000 6.581 6.264 -2.408 -1.189 8.603 51.282 -16.844 92.829 3.707e+02 7.256e+02 1.015e+02 1.029e+01 1.546e+00 -1.407e+05 -0.150 -1 2 11.708 9.917 12.171 10.571 10.760
506151 10.685 -1.000 -1.000 5.470 4.551 0.305 -1.969 -0.725 -205.678 170.609 108.138 1.934e+02 2.873e+01 -3.529e+02 4.474e+00 8.991e-01 -2.128e+05 -0.394 -1 2 11.708 9.917 12.171 10.571 10.760
506151 10.685 -1.000 -1.000 5.859 5.316 -0.599 -2.067 -0.034 27.846 134.049 -101.271 1.243e+02 2.349e+02 -2.274e+01 2.653e+00 5.074e-01 -2.116e+05 -0.985 -1 2 11.708 9.917 12.171 10.571 10.760
506151 10.685 -1.000 -1.000 5.885 5.165 1.078 1.526 0.051 -169.440 109.996 95.454 7.974e-01 4.375e+01 3.771e+02 1.873e+00 1.686e+00 -2.192e+05 -0.812 -1 2 11.708 9.917 12.171 10.571 10.760
506151 10.685 -1.000 -1.000 5.707 5.265 -8.394 -3.100 -2.769 -96.535 -97.076 -27.157 6.538e+02 4.825e+01 5.156e+02 1.153e+01 1.138e+00 -1.409e+05 -0.351 -1 2 11.708 9.917 12.171 10.571 10.760
506151 10.685 -1.000 -1.000 6.145 5.744 -12.831 7.744 -4.583 -70.106 -37.866 15.873 6.780e+02 1.297e+02 1.029e+03 1.610e+01 2.880e+00 -1.192e+05 -0.812 -1 2 11.708 9.917 12.171 10.571 10.760
506151 10.685 -1.000 -1.000 6.408 6.076 -2.245 1.726 -0.460 96.188 -229.710 -167.293 2.269e+02 3.093e+02 3.497e+02 6.560e+00 1.811e+00 -1.967e+05 -1.004 -1 2 11.708 9.917 12.171 10.571 10.760
506151 10.685 -1.000 -1.000 5.819 5.265 3.085 -3.025 -0.507 70.673 -32.819 13.700 3.403e+02 3.739e+01 1.125e+02 4.595e+00 2.744e-01 -1.762e+05 -0.214 -1 2 11.708 9.917 12.171 10.571 10.760
506151 10.685 -1.000 -1.000 6.154 5.261 -0.300 0.790 0.816 -146.063 64.814 -115.019 9.606e+00 1.332e+02 9.595e+01 9.161e-01 9.161e-01 -2.500e+05 -0.986 -1 2 11.708 9.917 12.171 10.571 10.760
506151 10.685 -1.000 -1.000 5.768 5.014 1.301 -0.489 -0.488 293.305 239.432 -97.322 2.751e+02 3.101e+01 4.549e+02 6.166e+00 1.135e+00 -2.332e+05 -0.462 -1 2 11.708 9.917 12.171 10.571 10.760
506151 10.685 -1.000 -1.000 5.742 5.267 -0.922 0.994 -4.401 3.077 110.582 90.525 1.204e+02 5.003e+02 -1.050e+02 4.935e+00 1.672e+00 -1.733e+05 -0.379 -1 2 11.708 9.917 12.171 10.571 10.760
506151 10.685 -1.000 -1.000 5.445 3.983 -0.215 -5.554 -0.776 36.677 -70.644 45.226 3.456e+02 1.264e+02 2.189e+02 5.878e+00 8.119e-01 -1.642e+05 -0.547 -1 2 11.708 9.917 12.171 10.571 10.760
506151 10.685 -1.000 -1.000 5.789 4.524 -1.386 0.118 -0.419 -126.427 -124.491 27.121 4.761e+01 3.019e+01 1.875e+02 1.651e+00 5.702e-01 -2.338e+05 -0.938 -1 2 11.708 9.917 12.171 10.571 10.760
506151 12.705 -1.000 12.128 5.513 5.141 -37.525 19.103 -10.838 151.332 -139.546 80.916 4.933e+03 3.423e+02 2.346e+03 8.363e+01 5.872e+00 -7.851e+04 -2.136 20000000500001765 2 9.999 6.803 12.171 10.571 10.760
506151 12.975 -1.000 10.833 5.703 5.336 -13.856 -16.586 2.739 -141.671 -7.313 -168.724 2.781e+02 2.059e+03 -2.248e+03 3.048e+01 1.761e+01 -1.062e+05 -2.207 20000000500006041 2 10.184 7.306 12.171 10.571 10.760
506151 12.975 -1.000 10.833 5.660 5.274 2.368 13.320 -16.022 -130.829 -53.094 157.829 1.013e+03 1.466e+03 1.617e+03 3.643e+01 7.144e+00 -1.055e+05 -2.253 20000000500006041 1 10.184 7.306 12.171 10.571 10.760
506151 12.853 -1.000 10.833 5.484 4.906 0.260 -6.048 -0.931 90.194 -43.127 -0.992 2.550e+02 8.608e+00 5.343e+02 6.304e+00 1.326e+00 -1.601e+05 -2.021 20000000500006041 2 10.264 7.339 12.171 10.571 10.760
506151 12.705 -1.000 10.833 5.754 5.193 1.754 -0.554 2.447 -201.268 187.635 -107.246 3.222e+02 3.033e+02 2.176e+02 7.014e+00 1.298e+00 -1.945e+05 -1.501 20000000500006041 2 10.425 7.732 12.171 10.571 10.760
506151 12.705 -1.000 10.833 5.321 4.557 -0.560 8.789 -5.167 -41.608 -172.744 -19.218 5.966e+02 5.819e+02 4.624e+02 1.399e+01 3.096e+00 -1.367e+05 -1.612 20000000500006041 2 10.425 7.732 12.171 10.571 10.760
506151 12.640 -1.000 10.833 5.692 5.215 1.356 -1.241 4.490 -134.181 -14.191 -87.026 2.000e+02 3.823e+02 -1.858e+02 5.863e+00 1.379e+00 -1.707e+05 -1.709 20000000500006041 2 10.490 7.797 12.171 10.571 10.760
506151 12.536 -1.000 10.833 5.655 5.244 -2.828 7.375 -0.439 -267.084 -144.962 99.728 5.460e+02 1.433e+02 2.380e+03 2.370e+01 7.771e+00 -1.485e+05 -1.576 20000000500006041 2 10.560 7.853 12.171 10.571 10.760
506151 12.451 -1.000 10.833 5.283 4.511 -3.040 -3.023 -1.985 96.724 0.371 -7.132 2.441e+02 6.988e+01 2.913e+02 4.930e+00 8.080e-01 -1.723e+05 -1.281 20000000500006041 2 10.647 7.954 12.171 10.571 10.760
506151 12.351 -1.000 10.833 5.836 5.176 -2.366 4.506 -8.507 19.687 19.958 3.662 5.600e+02 3.690e+02 -1.359e+02 1.037e+01 4.964e-01 -1.368e+05 -1.886 20000000500006041 2 10.675 7.963 12.171 10.571 10.760
506151 12.351 -1.000 10.833 5.416 3.726 0.978 1.721 -0.390 -27.120 -59.548 -231.505 1.573e+00 4.879e+02 -1.156e+01 2.194e+00 1.992e+00 -2.152e+05 -1.495 20000000500006041 2 10.675 7.963 12.171 10.571 10.760
506151 12.351 -1.000 10.833 5.384 4.884 -2.963 22.716 4.080 -243.767 -86.128 -25.564 4.776e+02 1.098e+02 5.793e+03 4.300e+01 2.182e+01 -1.035e+05 -1.434 20000000500006041 2 10.675 7.963 12.171 10.571 10.760
506151 12.782 -1.000 10.365 5.121 4.047 -6.152 10.378 -9.763 81.834 74.777 -14.394 3.417e+02 4.955e+02 -1.309e+03 1.655e+01 4.953e+00 -1.185e+05 -2.446 20000000500011849 2 9.512 6.231 12.171 10.571 10.760
506151 13.087 -1.000 10.220 5.357 4.761 -0.139 -5.650 3.302 -146.060 60.012 249.449 1.776e+02 1.111e+03 -8.336e+02 1.528e+01 6.049e+00 -1.568e+05 -1.099 20000000500013168 2 9.956 7.210 12.171 10.571 10.760
506151 13.055 -1.000 10.220 5.368 4.195 0.048 2.664 4.868 1.278 32.825 109.764 3.952e+02 2.189e+02 -1.829e+00 6.452e+00 2.293e-01 -1.641e+05 -2.075 20000000500013168 2 9.999 7.298 12.171 10.571 10.760
506151 12.975 -1.000 13.302 5.593 4.733 1.274 -3.126 -4.621 190.929 169.751 182.872 5.212e+02 6.758e+02 8.131e+02 1.676e+01 3.724e+00 -1.628e+05 -1.939 20000000500003101 2 10.155 7.362 12.171 10.571 10.760
506151 12.975 -1.000 13.302 5.020 3.717 5.704 -10.197 -2.226 -131.588 -167.616 137.621 1.675e+02 6.167e+02 -2.298e+03 2.023e+01 1.111e+01 -1.309e+05 -1.781 20000000500003101 2 10.155 7.362 12.171 10.571 10.760
506151 12.975 -1.000 13.302 5.580 5.133 2.729 4.881 0.826 74.219 15.808 64.455 2.899e+02 1.165e+02 -3.191e+02 5.904e+00 1.050e+00 -1.639e+05 -1.521 20000000500003101 2 10.155 7.362 12.171 10.571 10.760
506151 12.782 -1.000 10.220 5.505 4.096 -0.527 -8.238 5.364 56.493 108.714 -84.435 7.146e+02 1.762e+02 4.081e+02 1.282e+01 9.740e-01 -1.382e+05 -1.525 20000000500013168 2 10.328 7.623 12.171 10.571 10.760
506151 12.640 -1.000 10.220 5.651 5.010 1.778 7.741 -1.015 -106.565 75.545 -82.003 1.590e+02 1.625e+02 9.592e+02 8.603e+00 3.651e+00 -1.480e+05 -1.207 20000000500013168 2 10.451 7.825 12.171 10.571 10.760
506151 12.640 -1.000 10.220 5.604 4.760 0.575 1.212 -3.341 -250.139 -112.045 205.269 5.743e+02 5.554e+02 2.387e+02 1.235e+01 1.758e+00 -1.861e+05 -1.908 20000000500013168 2 10.451 7.825 12.171 10.571 10.760
506151 12.536 -1.000 10.220 5.854 5.470 -6.681 -3.997 0.259 336.232 -146.395 20.864 1.777e+03 9.025e+00 2.322e+03 3.847e+01 5.800e+00 -1.492e+05 -1.457 20000000500013168 2 10.553 7.930 12.171 10.571 10.760
506151 12.536 -1.000 10.220 5.588 4.867 0.382 3.981 0.273 109.543 60.582 2.438 1.597e+02 1.031e+00 -4.129e+02 4.281e+00 1.026e+00 -1.802e+05 -1.942 20000000500013168 2 10.553 7.930 12.171 10.571 10.760
506151 12.451 -1.000 10.220 5.967 5.209 -0.840 0.146 -0.961 -19.916 -193.272 223.395 6.382e+01 1.311e+02 1.653e+02 2.175e+00 8.624e-01 -2.450e+05 -1.472 20000000500013168 2 10.653 8.216 12.171 10.571 10.760
506151 12.451 -1.000 10.220 5.226 3.531 1.331 32.558 -1.624 -195.790 62.635 15.955 1.679e+02 3.371e+01 6.458e+03 3.975e+01 2.716e+01 -9.020e+04 -1.547 20000000500013168 2 10.653 8.216 12.171 10.571 10.760
506151 12.451 -1.000 10.220 5.670 3.109 -1.860 -1.953 -0.215 84.829 -75.860 67.502 6.453e+01 5.701e+01 3.068e+02 2.708e+00 9.926e-01 -1.997e+05 -1.486 20000000500013168 2 10.653 8.216 12.171 10.571 10.760
506151 12.276 -1.000 10.220 5.535 4.198 -4.332 9.200 -1.373 -122.885 114.304 101.856 5.921e+02 5.920e+02 6.354e+02 1.460e+01 3.962e+00 -1.372e+05 -1.872 20000000500013168 2 10.724 8.239 12.171 10.571 10.760
506151 12.004 -1.000 10.220 5.875 5.238 -1.356 -0.121 0.495 -119.804 66.921 37.892 9.501e+01 6.451e-03 -1.052e+02 1.643e+00 2.527e-01 -2.342e+05 -1.333 20000000500013168 2 10.887 8.333 12.171 10.571 10.760
506151 12.004 -1.000 10.220 5.495 4.229 -1.345 1.449 0.569 91.823 137.415 -1.323 3.269e+01 1.214e+01 -3.179e+02 2.087e+00 1.008e+00 -2.143e+05 -1.666 20000000500013168 2 10.887 8.333 12.171 10.571 10.760
506151 11.872 -1.000 10.220 6.073 5.459 0.398 0.245 0.928 -21.115 300.062 -61.802 5.247e+00 1.767e+02 1.246e+02 1.190e+00 1.190e+00 -2.628e+05 -0.913 20000000500013168 2 11.013 8.608 12.171 10.571 10.760
506151 11.872 -1.000 10.220 6.066 5.465 -0.349 0.151 0.149 -185.025 -217.033 47.160 9.922e+00 6.328e+00 1.037e+02 6.712e-01 3.787e-01 -3.068e+05 -1.241 20000000500013168 2 11.013 8.608 12.171 10.571 10.760
506151 11.872 -1.000 10.220 5.787 4.750 1.054 0.708 2.065 126.467 -71.117 61.771 9.111e+01 1.331e+02 -1.645e+02 2.539e+00 8.563e-01 -2.075e+05 -1.127 20000000500013168 2 11.013 8.608 12.171 10.571 10.760
506151 11.670 -1.000 10.220 6.247 5.829 -0.417 -0.139 -0.879 -137.032 -96.271 11.838 2.426e+01 9.542e+01 2.110e+01 6.621e-01 6.239e-01 -2.668e+05 -0.438 20000000500013168 2 11.181 8.707 12.171 10.571 10.760
506151 11.670 -1.000 10.220 6.008 5.640 -2.157 -3.274 -0.112 197.958 -36.313 -88.513 3.966e+01 8.329e+01 7.264e+02 4.879e+00 2.883e+00 -1.812e+05 -0.899 20000000500013168 2 11.181 8.707 12.171 10.571 10.760
506151 11.670 -1.000 10.220 5.229 4.662 -18.616 -12.835 8.274 148.481 -167.970 -30.818 1.221e+02 3.764e+02 5.033e+03 3.388e+01 2.207e+01 -1.017e+05 -1.572 20000000500013168 2 11.181 8.707 12.171 10.571 10.760
506151 11.670 -1.000 10.220 5.363 4.591 -1.266 5.158 6.050 10.027 16.274 8.613 5.498e+02 1.842e+02 -7.232e+01 8.274e+00 1.909e-01 -1.467e+05 -1.066 20000000500013168 2 11.181 8.707 12.171 10.571 10.760
506151 11.670 -1.000 10.220 6.032 5.637 -6.202 -1.410 -3.555 -155.450 -82.951 44.549 3.614e+02 5.771e+02 2.953e+02 9.557e+00 2.611e+00 -1.518e+05 -0.778 20000000500013168 2 11.181 8.707 12.171 10.571 10.760
506151 11.670 -1.000 10.220 5.945 5.625 -19.402 39.833 -1.519 -73.100 -93.709 -20.823 1.138e+03 8.265e+01 4.730e+03 4.650e+01 1.532e+01 -7.796e+04 -1.542 20000000500013168 2 11.181 8.707 12.171 10.571 10.760
506151 11.670 -1.000 10.220 5.833 5.416 5.968 -2.246 3.345 165.017 20.534 -13.043 3.621e+02 2.743e+02 4.932e+02 9.101e+00 2.062e+00 -1.524e+05 -0.734 20000000500013168 2 11.181 8.707 12.171 10.571 10.760
506151 11.670 -1.000 10.220 5.754 4.883 0.016 -0.421 -1.539 28.828 81.017 229.022 2.201e+02 9.458e-01 1.343e+01 2.463e+00 1.123e-01 -2.342e+05 -0.753 20000000500013168 2 11.181 8.707 12.171 10.571 10.760
506151 11.670 -1.000 10.220 5.180 4.095 -5.973 -10.069 -0.857 72.589 -23.370 0.039 5.088e+02 3.790e+00 8.705e+02 1.179e+01 2.138e+00 -1.315e+05 -1.206 20000000500013168 2 11.181 8.707 12.171 10.571 10.760
506151 11.431 -1.000 10.220 6.138 5.796 1.872 0.693 -3.676 -97.073 332.761 18.062 4.905e+02 6.469e+02 6.902e+02 1.435e+01 4.196e+00 -1.783e+05 -1.364 20000000500013168 2 11.265 8.824 12.171 10.571 10.760
506151 11.431 -1.000 10.220 5.818 5.422 0.485 5.253 -3.051 -134.319 -16.444 74.004 1.206e+02 1.717e+02 6.976e+02 6.595e+00 2.664e+00 -1.601e+05 -1.378 20000000500013168 2 11.265 8.824 12.171 10.571 10.760
506151 11.431 -1.000 10.220 5.719 4.963 -0.387 1.011 0.503 278.436 67.281 -2.789 9.040e+00 2.887e+01 -3.075e+02 1.634e+00 1.244e+00 -2.461e+05 -0.789 20000000500013168 2 11.265 8.824 12.171 10.571 10.760
506151 11.431 -1.000 10.220 5.925 5.558 2.215 -6.644 3.462 135.223 199.044 36.359 2.193e+02 3.072e+02 1.339e+03 1.293e+01 5.548e+00 -1.487e+05 -1.067 20000000500013168 2 11.265 8.824 12.171 10.571 10.760
506151 11.431 -1.000 10.220 5.659 5.275 -21.311 17.485 7.320 -59.492 -229.342 7.025 5.680e+02 2.827e+02 5.928e+03 4.668e+01 2.254e+01 -9.521e+04 -0.580 20000000500013168 2 11.265 8.824 12.171 10.571 10.760
506151 11.431 -1.000 10.220 5.759 5.146 -1.583 1.328 -0.098 -23.807 257.242 -82.065 1.262e+02 3.260e+01 -3.756e+02 3.804e+00 1.041e+00 -2.137e+05 -1.069 20000000500013168 2 11.265 8.824 12.171 10.571 10.760
506151 12.782 -1.000 9.910 5.149 4.140 -15.653 22.885 2.929 85.287 110.697 -38.771 3.732e+02 1.683e+02 -3.685e+03 2.899e+01 1.415e+01 -9.643e+04 -2.148 20000000500020241 1 9.711 6.236 12.171 10.571 10.760
506151 12.351 -1.000 9.910 5.071 3.972 22.489 23.971 -26.688 18.688 39.391 -48.011 2.686e+03 8.413e+02 4.379e+02 4.585e+01 1.282e+00 -7.862e+04 -2.350 20000000500020241 1 9.905 6.351 12.171 10.571 10.760
506151 12.853 -1.000 9.910 5.242 4.431 -27.988 -13.201 -2.061 183.302 171.617 -81.225 3.860e+03 9.874e+02 -2.383e+03 7.421e+01 9.388e+00 -9.222e+04 -1.872 20000000500020656 0 9.642 6.556 12.171 10.571 10.760
506151 12.128 -1.000 9.910 5.035 4.395 15.517 34.661 36.754 -3.262 53.550 28.190 3.027e+03 1.140e+03 9.440e+02 5.643e+01 2.929e+00 -7.017e+04 -2.112 20000000500020656 2 9.800 6.550 12.171 10.571 10.760
506151 12.004 -1.000 9.910 5.458 5.046 -88.046 57.292 -41.701 11.293 -35.410 21.340 7.028e+03 3.890e+02 2.471e+03 1.153e+02 5.868e+00 -4.471e+04 -1.136 20000000500020656 2 9.833 6.563 12.171 10.571 10.760
506151 12.975 -1.000 7.930 5.062 4.294 -65.774 70.380 -11.420 33.676 -31.978 15.701 7.424e+03 1.344e+02 -2.668e+02 1.005e+02 1.721e+00 -4.961e+04 -2.345 20000000500033351 1 9.342 5.982 12.171 10.571 10.760
506151 12.887 -1.000 7.930 5.296 4.719 2.325 -5.299 -10.382 -8.732 13.081 -55.206 6.536e+02 6.455e+02 -1.586e+01 1.286e+01 9.365e-01 -1.287e+05 -2.110 20000000500033351 2 9.653 6.471 12.171 10.571 10.760
506151 12.640 -1.000 7.930 5.024 4.337 -104.828 30.411 106.552 -48.272 16.290 14.602 9.233e+03 3.523e+03 -2.396e+02 1.575e+02 8.088e+00 -3.601e+04 -2.023 20000000500033351 2 9.892 6.659 12.171 10.571 10.760
506151 12.536 -1.000 7.930 5.436 5.007 -4.292 -6.115 21.585 -193.138 -73.588 67.761 6.468e+02 3.397e+03 -8.652e+02 3.890e+01 1.322e+01 -1.011e+05 -1.424 20000000500033351 2 10.037 7.080 12.171 10.571 10.760
506151 12.451 -1.000 7.930 5.338 4.819 6.332 -20.203 -6.175 64.721 198.688 -46.483 1.092e+03 6.088e+02 2.566e+03 3.534e+01 1.009e+01 -1.054e+05 -1.828 20000000500033351 2 10.076 7.091 12.171 10.571 10.760
506151 12.351 -1.000 7.930 5.548 5.151 -31.795 -8.647 29.718 58.133 -60.883 54.273 1.039e+03 2.148e+03 2.438e+03 4.624e+01 1.349e+01 -7.673e+04 -2.077 20000000500033351 2 10.137 7.110 12.171 10.571 10.760
506151 12.351 -1.000 7.930 5.165 4.554 4.168 -2.175 4.955 383.638 -93.960 88.002 3.422e+03 5.559e+02 4.428e+02 5.029e+01 3.360e+00 -1.544e+05 -1.901 20000000500033351 2 10.137 7.110 12.171 10.571 10.760
506151 12.128 -1.000 7.930 5.435 4.998 -10.416 17.014 -0.811 -146.361 288.495 -17.641 5.761e+03 7.450e+00 -5.148e+02 7.720e+01 8.056e-01 -1.098e+05 -1.630 20000000500033351 2 10.222 7.247 12.171 10.571 10.760
506151 13.179 -1.000 7.115 5.048 3.769 -17.803 -24.652 23.179 -24.373 -9.570 149.199 1.516e+03 3.573e+03 -4.305e+02 4.824e+01 1.166e+01 -8.259e+04 -2.736 20000000500037244 2 9.215 5.970 12.171 10.571 10.760
506151 12.887 -1.000 7.115 5.016 4.017 12.023 -2.258 -7.277 -172.572 -160.218 -233.901 1.395e+03 2.450e+03 -2.316e+03 5.234e+01 1.403e+01 -1.225e+05 -2.156 20000000500037244 2 9.574 6.210 12.171 10.571 10.760
506151 12.705 -1.000 7.115 5.051 3.692 -62.144 51.516 -45.212 52.041 -82.850 7.608 5.317e+03 1.992e+03 2.468e+03 1.045e+02 1.085e+01 -5.106e+04 -1.838 20000000500037244 2 9.851 6.917 12.171 10.571 10.760
506151 12.640 -1.000 7.115 5.259 4.657 4.981 -5.105 -3.615 13.238 -157.999 -359.476 2.158e+03 2.306e+03 -7.194e+02 5.250e+01 5.128e+00 -1.477e+05 -2.308 20000000500037244 2 9.924 6.966 12.171 10.571 10.760
506151 12.451 -1.000 7.115 5.652 5.275 -0.377 0.512 -29.544 28.075 210.230 154.016 1.839e+03 6.608e+03 -9.363e+01 7.074e+01 1.906e+01 -9.077e+04 -2.160 20000000500037244 2 9.961 6.954 12.171 10.571 10.760
506151 12.128 -1.000 7.115 5.455 5.052 5.950 4.907 8.498 -22.918 -174.017 333.094 2.539e+03 3.618e+03 -9.229e+02 6.855e+01 9.826e+00 -1.308e+05 -1.973 20000000500037244 2 10.072 7.027 12.171 10.571 10.760
506151 12.128 -1.000 7.115 5.171 4.641 -1.124 27.568 -61.878 60.570 -7.078 96.831 3.126e+03 3.507e+03 -1.662e+03 8.038e+01 1.163e+01 -6.087e+04 -1.787 20000000500037244 1 10.072 7.027 12.171 10.571 10.760
506151 12.004 -1.000 7.115 5.461 5.020 5.555 13.236 -26.529 -45.750 18.213 -49.426 1.136e+03 1.613e+03 7.067e+02 3.330e+01 3.811e+00 -9.059e+04 -1.723 20000000500037244 2 10.115 7.090 12.171 10.571 10.760
506151 11.872 -1.000 7.115 5.448 5.065 -34.039 -27.932 45.713 74.234 171.759 17.598 1.456e+03 6.254e+03 -3.773e+03 9.027e+01 3.436e+01 -6.354e+04 -1.085 20000000500037244 2 10.162 7.119 12.171 10.571 10.760
506151 11.872 -1.000 7.115 5.008 4.295 -1.165 -28.975 -64.392 36.958 107.017 -24.738 9.759e+02 7.432e+03 9.462e+02 7.453e+01 2.662e+01 -5.949e+04 -1.861 20000000500037244 1 10.162 7.119 12.171 10.571 10.760
506151 10.975 -1.000 6.809 5.665 5.312 1.977 9.387 -34.747 62.576 -75.601 186.849 2.876e+03 3.006e+03 -7.369e+02 6.781e+01 6.308e+00 -8.337e+04 -0.962 20000000500039515 2 10.384 7.348 12.171 10.571 10.760
506151 10.975 -1.000 6.809 5.306 4.872 26.192 -22.748 -39.242 102.262 93.652 -66.949 6.832e+02 2.860e+03 4.779e+03 6.077e+01 2.591e+01 -7.034e+04 -1.853 20000000500039515 2 10.384 7.348 12.171 10.571 10.760
506151 10.975 -1.000 6.809 5.528 5.131 -6.332 9.734 -9.535 39.159 -193.188 135.513 1.567e+03 5.761e+02 8.421e+02 3.136e+01 2.277e+00 -1.198e+05 -1.454 20000000500039515 2 10.384 7.348 12.171 10.571 10.760
506151 9.605 -1.000 6.809 5.006 4.440 32.280 16.699 -29.181 -23.212 54.700 -10.166 1.874e+03 9.977e+02 2.153e+03 4.799e+01 6.852e+00 -7.502e+04 -1.154 20000000500039515 2 10.557 7.659 12.171 10.571 10.760
506151 11.670 -1.000 10.220 5.263 4.778 31.913 48.671 -31.446 120.785 -32.237 -18.020 1.211e+03 1.034e+03 -6.908e+03 6.988e+01 2.647e+01 -6.253e+04 -1.781 20000000500040307 1 9.968 6.591 12.171 10.571 10.760
506151 11.578 -1.000 10.220 5.015 4.116 16.224 -12.610 -18.891 -55.438 128.091 120.550 1.945e+03 1.001e+03 1.379e+03 4.376e+01 4.197e+00 -9.456e+04 -2.239 20000000500040307 2 10.040 6.815 12.171 10.571 10.760
506151 11.431 -1.000 10.220 5.630 5.204 -8.494 -6.739 3.841 -81.171 -339.183 42.742 2.738e+03 1.757e+02 2.334e+03 5.242e+01 5.963e+00 -1.320e+05 -1.730 20000000500040307 2 10.181 7.122 12.171 10.571 10.760
506151 11.431 -1.000 10.220 5.225 4.545 -1.187 3.347 -1.747 -386.102 -222.238 83.475 2.491e+03 1.501e+02 1.556e+03 4.318e+01 3.810e+00 -1.809e+05 -1.839 20000000500040307 2 10.181 7.122 12.171 10.571 10.760
506151 12.536 -1.000 4.580 5.001 4.467 -33146.174 -94.771 39415.581 72.527 -53.377 -146.676 nan nan 1.776e+06 nan nan -1.172e+02 -1.831 20000000500052218 1 9.666 6.085 12.171 10.571 10.760
506151 12.351 -1.000 4.415 5.072 4.406 -0.827 12.634 13.138 -61.533 100.807 -10.345 6.052e+02 1.155e+03 6.940e+02 2.083e+01 5.003e+00 -1.114e+05 -2.385 20000000500053521 1 9.805 6.224 12.171 10.571 10.760
506151 12.004 -1.000 4.415 5.124 4.627 -81.406 37.432 -0.905 6.167 -66.209 -151.410 3.349e+02 9.248e+03 5.159e+03 9.511e+01 6.567e+01 -5.225e+04 -2.272 20000000500053521 2 10.031 6.651 12.171 10.571 10.760
506151 11.872 -1.000 4.415 5.174 4.598 28.070 52.354 -30.230 -100.524 22.251 -42.374 1.272e+03 1.543e+03 5.887e+03 6.747e+01 2.459e+01 -6.229e+04 -2.353 20000000500053521 2 10.087 6.749 12.171 10.571 10.760
506151 10.833 -1.000 4.415 5.182 4.769 55.947 -60.771 -12.736 75.550 66.058 85.247 9.064e+02 2.591e+03 8.287e+03 8.393e+01 4.191e+01 -5.459e+04 -2.127 20000000500053521 2 10.241 7.034 12.171 10.571 10.760
524506 12.975 -1.000 -1.000 5.320 4.277 -6.051 -2.515 -2.314 250.856 -83.047 67.977 5.560e+02 9.539e+01 1.133e+03 1.406e+01 2.821e+00 -1.625e+05 -1.896 -1 2 10.653 8.265 12.156 10.561 10.747
524506 12.887 -1.000 -1.000 6.263 5.225 0.357 -0.815 -0.470 346.069 110.119 -129.367 4.150e+01 6.166e+01 3.214e+02 2.179e+00 8.773e-01 -2.941e+05 -1.306 -1 2 10.865 8.572 12.156 10.561 10.747
524506 12.782 -1.000 -1.000 6.116 3.655 -0.739 -0.681 -1.387 3.982 40.615 33.614 1.026e+02 1.135e+02 -2.730e+01 1.919e+00 9.460e-02 -2.458e+05 -1.607 -1 2 10.974 8.778 12.156 10.561 10.747
524506 12.705 -1.000 -1.000 6.260 5.342 -0.284 -0.767 0.024 217.367 104.270 -289.155 4.094e+01 1.077e+02 1.371e+02 1.601e+00 6.526e-01 -3.168e+05 -0.940 -1 2 11.047 8.917 12.156 10.561 10.747
524506 12.705 -1.000 -1.000 6.165 4.507 0.724 -1.129 -1.029 180.379 -95.448 -20.154 9.810e+01 1.034e+02 1.345e+02 2.194e+00 4.740e-01 -2.497e+05 -1.145 -1 2 11.047 8.917 12.156 10.561 10.747
524506 12.640 -1.000 -1.000 6.305 5.829 1.784 -0.456 0.128 -30.204 -218.242 67.810 1.886e+01 1.498e+01 -4.031e+02 1.877e+00 1.129e+00 -2.478e+05 -1.309 -1 2 11.107 8.948 12.156 10.561 10.747
524506 12.640 -1.000 -1.000 6.249 5.520 0.273 -1.314 0.396 100.431 -75.930 45.002 8.759e+01 1.706e+01 1.112e+02 1.535e+00 2.628e-01 -2.698e+05 -1.264 -1 2 11.107 8.948 12.156 10.561 10.747
524506 12.536 -1.000 -1.000 6.408 5.975 -0.597 1.400 1.750 209.621 -59.295 -70.330 8.727e+01 1.854e+02 -2.581e+02 3.260e+00 8.696e-01 -2.247e+05 -1.117 -1 2 11.165 9.003 12.156 10.561 10.747
524506 12.536 -1.000 -1.000 6.113 5.564 -2.002 0.318 0.282 -147.581 -221.979 -49.012 3.404e+01 1.952e+01 4.913e+02 2.576e+00 1.336e+00 -2.393e+05 -0.984 -1 2 11.165 9.003 12.156 10.561 10.747
524506 12.451 -1.000 -1.000 5.659 4.889 -5.811 -0.900 2.593 41.917 -206.212 22.195 4.912e+00 1.429e+02 1.236e+03 7.186e+00 4.835e+00 -1.663e+05 -1.326 -1 2 11.239 9.086 12.156 10.561 10.747
524506 12.351 -1.000 -1.000 6.368 5.551 -0.664 0.420 -0.114 57.285 -48.795 -160.376 4.780e+01 4.050e+01 8.340e+00 8.355e-01 4.384e-01 -3.180e+05 -0.822 -1 2 11.292 9.258 12.156 10.561 10.747
524506 12.351 -1.000 -1.000 5.592 5.073 9.253 1.995 -1.332 190.994 150.417 -120.757 1.085e+03 2.397e+02 1.011e+03 2.079e+01 2.921e+00 -1.470e+05 -0.508 -1 2 11.292 9.258 12.156 10.561 10.747
524506 12.351 -1.000 -1.000 5.604 4.386 6.305 -3.652 2.744 53.649 90.381 -41.571 2.556e+02 1.220e+02 7.658e+02 8.008e+00 2.082e+00 -1.565e+05 -0.780 -1 2 11.292 9.258 12.156 10.561 10.747
524506 12.351 -1.000 -1.000 6.127 5.704 5.055 -0.577 0.368 -72.530 97.261 -133.742 2.013e+02 2.486e+02 4.498e+02 5.797e+00 2.023e+00 -1.804e+05 -1.072 -1 2 11.292 9.258 12.156 10.561 10.747
524506 12.351 -1.000 -1.000 5.884 4.956 0.245 1.283 -1.065 19.965 -293.528 57.334 1.876e+02 1.476e+02 -9.753e+01 3.191e+00 4.914e-01 -2.496e+05 -1.522 -1 2 11.292 9.258 12.156 10.561 10.747
524506 12.276 -1.000 -1.000 6.514 5.828 -0.196 0.113 -0.241 199.391 -100.657 37.742 3.390e+01 2.095e+01 -2.802e+00 7.078e-01 1.548e-01 -3.501e+05 -1.163 -1 2 11.317 9.267 12.156 10.561 10.747
524506 12.276 -1.000 -1.000 6.262 5.325 -0.553 -0.463 0.084 -258.878 -95.341 -202.807 7.081e+01 5.663e+01 -6.714e+01 1.362e+00 4.434e-01 -3.243e+05 -0.784 -1 2 11.317 9.267 12.156 10.561 10.747
524506 12.276 -1.000 -1.000 5.518 4.912 4.762 1.382 -4.006 180.964 99.333 -54.969 5.776e+02 3.296e+02 2.229e+02 1.012e+01 1.106e+00 -1.653e+05 -1.080 -1 2 11.317 9.267 12.156 10.561 10.747
524506 12.276 -1.000 -1.000 5.938 5.227 -0.849 -1.347 0.670 66.565 -148.658 -317.390 3.109e+01 3.912e+02 2.159e+02 3.469e+00 1.607e+00 -2.508e+05 -0.372 -1 2 11.317 9.267 12.156 10.561 10.747
524506 12.276 -1.000 -1.000 5.488 3.670 -4.073 3.298 3.180 35.761 -127.701 -21.418 3.460e+02 1.610e+02 4.022e+02 7.193e+00 9.762e-01 -1.681e+05 -0.593 -1 2 11.317 9.267 12.156 10.561 10.747
524506 12.276 -1.000 -1.000 6.340 5.530 -0.512 0.407 -1.034 31.601 -56.896 -91.251 3.708e+01 1.534e+02 1.627e+01 1.463e+00 2.864e-01 -2.707e+05 -1.448 -1 2 11.317 9.267 12.156 10.561 10.747
524506 12.128 -1.000 -1.000 6.504 5.957 -0.486 0.064 -0.307 199.614 -300.516 60.598 6.006e+01 2.985e+01 1.333e+02 1.438e+00 3.830e-01 -3.301e+05 -0.708 -1 2 11.364 9.284 12.156 10.561 10.747
524506 12.128 -1.000 -1.000 6.277 5.406 -0.225 0.380 0.974 -175.641 -9.747 -19.631 4.181e+00 1.609e+02 6.894e+01 1.383e+00 4.601e-01 -2.795e+05 -0.783 -1 2 11.364 9.284 12.156 10.561 10.747
524506 12.128 -1.000 -1.000 6.178 4.680 0.345 0.554 0.123 67.499 335.657 80.401 1.010e+02 6.759e+00 7.841e+01 1.454e+00 1.815e-01 -3.289e+05 -1.243 -1 2 11.364 9.284 12.156 10.561 10.747
524506 12.128 -1.000 -1.000 6.375 5.556 0.417 -0.284 -0.096 113.783 159.383 -228.494 1.638e+00 5.045e+01 9.878e+01 8.712e-01 4.905e-01 -3.422e+05 -0.516 -1 2 11.364 9.284 12.156 10.561 10.747
524506 12.128 -1.000 -1.000 6.245 5.541 -0.148 -0.267 0.230 -140.813 301.242 -320.183 1.119e+02 7.326e+01 -8.218e+01 1.972e+00 2.333e-01 -3.474e+05 -1.292 -1 2 11.364 9.284 12.156 10.561 10.747
524506 12.004 -1.000 -1.000 6.405 5.700 -0.094 -0.257 -0.282 338.864 40.795 173.612 6.008e+01 4.517e+01 8.325e+01 1.357e+00 2.820e-01 -3.443e+05 -1.442 -1 2 11.395 9.310 12.156 10.561 10.747
524506 12.004 -1.000 -1.000 5.884 5.365 2.338 3.829 -1.529 -32.504 -140.061 -140.038 1.520e+02 5.649e+02 -2.030e+02 5.615e+00 2.427e+00 -1.834e+05 -1.008 -1 2 11.395 9.310 12.156 10.561 10.747
524506 12.004 -1.000 -1.000 6.145 5.776 -12.304 -5.235 -1.046 80.152 -173.940 -36.437 1.713e+01 5.033e+01 2.560e+03 1.348e+01 1.097e+01 -1.310e+05 -0.441 -1 2 11.395 9.310 12.156 10.561 10.747
524506 11.670 -1.000 -1.000 6.547 5.988 0.428 0.182 0.134 138.882 212.578 170.653 3.900e+01 2.480e+01 6.571e+01 1.014e+00 2.331e-01 -3.435e+05 -0.969 -1 2 11.476 9.360 12.156 10.561 10.747
524506 11.670 -1.000 -1.000 6.086 5.255 1.572 1.158 -0.733 111.379 60.051 -19.151 2.109e+02 2.698e+01 -3.458e+01 2.363e+00 1.242e-01 -2.364e+05 -1.282 -1 2 11.476 9.360 12.156 10.561 10.747
524506 11.670 -1.000 -1.000 6.471 5.732 -0.297 -0.120 0.095 -70.587 161.517 72.200 7.444e-01 6.963e+00 -5.644e+01 4.775e-01 3.003e-01 -3.558e+05 -1.122 -1 2 11.476 9.360 12.156 10.561 10.747
524506 11.670 -1.000 -1.000 5.557 4.822 -0.068 4.346 -0.644 -118.736 175.846 -85.044 3.396e+02 5.020e+01 5.041e+02 6.621e+00 1.120e+00 -1.886e+05 -0.554 -1 2 11.476 9.360 12.156 10.561 10.747
524506 11.670 -1.000 -1.000 5.530 4.209 9.878 -0.947 3.567 100.195 149.398 30.742 2.281e+02 1.220e+02 1.571e+03 1.267e+01 4.927e+00 -1.416e+05 -0.836 -1 2 11.476 9.360 12.156 10.561 10.747
524506 11.670 -1.000 -1.000 6.307 5.404 0.837 0.849 0.257 17.043 -47.849 32.239 8.303e+01 1.089e+01 -5.452e+01 1.244e+00 1.716e-01 -2.828e+05 -1.146 -1 2 11.476 9.360 12.156 10.561 10.747
524506 11.670 -1.000 -1.000 6.293 5.145 0.074 0.516 0.255 127.220 -118.906 16.441 9.189e+00 1.867e+01 -7.444e+01 7.363e-01 3.065e-01 -3.319e+05 -0.436 -1 2 11.476 9.360 12.156 10.561 10.747
524506 11.578 -1.000 -1.000 6.018 5.307 -0.318 -0.634 0.866 259.500 -208.459 -249.008 1.151e+02 2.233e+02 2.308e+02 3.647e+00 8.971e-01 -2.790e+05 -1.206 -1 2 11.525 9.390 12.156 10.561 10.747
524506 11.431 -1.000 -1.000 6.498 5.896 -1.147 -0.232 0.230 -143.934 -105.967 40.846 9.266e+01 7.775e+00 8.815e+01 1.430e+00 2.053e-01 -2.849e+05 -0.836 -1 2 11.575 9.507 12.156 10.561 10.747
524506 11.431 -1.000 -1.000 6.407 5.610 -0.097 -0.022 0.420 262.768 222.757 -117.826 8.067e+01 7.236e+01 -1.583e+01 1.373e+00 3.199e-01 -3.352e+05 -0.657 -1 2 11.575 9.507 12.156 10.561 10.747
524506 11.431 -1.000 -1.000 6.429 5.843 -0.052 -0.511 0.310 40.830 11.587 -164.013 1.690e+01 5.222e+01 2.026e+01 7.863e-01 2.683e-01 -3.284e+05 -0.142 -1 2 11.575 9.507 12.156 10.561 10.747
524506 11.431 -1.000 -1.000 6.461 6.142 5.015 4.231 -1.579 -23.160 -55.672 64.139 5.370e+02 9.130e+01 -1.812e+02 7.143e+00 6.589e-01 -1.645e+05 -1.166 -1 2 11.575 9.507 12.156 10.561 10.747
524506 11.276 -1.000 -1.000 6.601 6.068 -0.211 -0.029 -0.138 287.156 -36.871 -220.937 5.580e+01 4.547e+01 1.611e+01 1.062e+00 2.331e-01 -3.592e+05 -0.921 -1 2 11.689 9.715 12.156 10.561 10.747
524506 11.276 -1.000 -1.000 6.301 5.343 0.767 0.499 -0.567 -71.631 -132.224 -54.186 4.794e+01 6.552e+01 -6.567e+01 1.261e+00 3.650e-01 -2.874e+05 -0.573 -1 2 11.689 9.715 12.156 10.561 10.747
524506 11.276 -1.000 -1.000 6.235 5.101 0.567 0.487 -0.348 184.280 88.721 -102.329 7.222e+01 2.763e+01 -3.944e+01 1.215e+00 1.072e-01 -3.102e+05 -0.538 -1 2 11.689 9.715 12.156 10.561 10.747
524506 11.276 -1.000 -1.000 5.806 3.369 -1.191 1.785 -1.091 -50.960 33.386 -102.859 1.995e+02 8.074e+01 5.120e+01 2.667e+00 3.199e-01 -2.250e+05 -0.773 -1 2 11.689 9.715 12.156 10.561 10.747
524506 11.276 -1.000 -1.000 6.260 5.192 -0.498 -1.091 -0.091 82.691 67.535 -193.588 5.708e+01 1.009e+02 5.658e+01 1.291e+00 6.640e-01 -2.854e+05 -0.588 -1 2 11.689 9.715 12.156 10.561 10.747
524506 11.276 -1.000 -1.000 6.130 5.153 0.072 0.865 -0.855 -50.803 -10.204 -108.526 4.743e+01 1.067e+02 4.321e+01 1.427e+00 2.823e-01 -2.739e+05 -1.019 -1 2 11.689 9.715 12.156 10.561 10.747
524506 11.276 -1.000 -1.000 6.163 4.296 0.779 0.716 -0.220 -80.945 49.638 -59.354 4.711e+01 1.410e+01 9.662e+01 1.107e+00 3.174e-01 -2.932e+05 -0.413 -1 2 11.689 9.715 12.156 10.561 10.747
524506 11.276 -1.000 -1.000 5.667 4.467 -1.224 0.092 0.632 -42.107 78.645 -383.518 6.976e+01 4.287e+02 -9.239e+01 3.568e+00 1.152e+00 -2.683e+05 -0.959 -1 2 11.689 9.715 12.156 10.561 10.747
524506 11.130 -1.000 -1.000 6.728 6.427 0.380 -1.387 2.950 -68.907 -51.106 -168.087 1.408e+02 3.807e+02 -1.150e+02 4.501e+00 8.209e-01 -2.008e+05 -1.089 -1 2 11.748 9.898 12.156 10.561 10.747
524506 11.130 -1.000 -1.000 6.199 3.138 -0.084 0.378 0.040 342.917 -231.267 -21.531 8.835e+01 8.151e-01 -1.102e+02 1.427e+00 2.539e-01 -3.531e+05 -0.418 -1 2 11.748 9.898 12.156 10.561 10.747
524506 11.130 -1.000 -1.000 5.584 4.930 -5.488 -3.432 -2.348 68.180 -168.491 -126.195 5.861e+01 2.809e+02 1.159e+03 8.589e+00 4.743e+00 -1.630e+05 -0.602 -1 2 11.748 9.898 12.156 10.561 10.747
524506 11.130 -1.000 -1.000 6.038 4.443 0.996 0.399 -0.493 321.693 -95.469 98.431 7.219e+01 1.002e+02 -2.234e+02 2.245e+00 7.559e-01 -2.821e+05 -0.878 -1 2 11.748 9.898 12.156 10.561 10.747
524506 11.130 -1.000 -1.000 6.368 5.934 -0.114 -1.437 -1.127 42.589 -120.507 -77.710 1.443e+02 6.992e+01 7.494e+01 2.220e+00 1.878e-01 -2.435e+05 -0.651 -1 2 11.748 9.898 12.156 10.561 10.747
524506 11.130 -1.000 -1.000 6.069 5.658 5.412 -0.863 -1.899 46.528 86.384 -58.359 2.575e+02 9.242e+01 5.077e+02 6.117e+00 1.226e+00 -1.722e+05 -0.491 -1 2 11.748 9.898 12.156 10.561 10.747
524506 11.130 -1.000 -1.000 5.393 4.189 4.797 -2.120 1.485 162.018 207.122 -25.820 4.509e+01 7.471e+01 1.337e+03 7.876e+00 4.834e+00 -1.759e+05 -0.754 -1 2 11.748 9.898 12.156 10.561 10.747
524506 11.130 -1.000 -1.000 6.072 5.677 0.057 4.166 -1.218 -165.976 -34.377 91.434 6.433e+01 1.010e+02 6.895e+02 4.810e+00 2.251e+00 -1.887e+05 -0.172 -1 2 11.748 9.898 12.156 10.561 10.747
524506 11.130 -1.000 -1.000 6.394 5.808 -0.676 0.394 0.530 -5.669 -269.093 -15.775 1.669e+01 5.577e+01 1.841e+02 1.358e+00 5.863e-01 -2.969e+05 -0.729 -1 2 11.748 9.898 12.156 10.561 10.747
524506 12.640 -1.000 11.431 5.037 4.194 25.614 13.020 1.486 41.834 -155.274 45.596 1.732e+02 1.706e+02 -4.522e+03 2.981e+01 1.909e+01 -9.904e+04 -2.204 20000002600009721 2 9.646 6.315 12.156 10.561 10.747
524506 12.887 -1.000 11.431 5.109 4.619 -14.493 16.897 -0.782 251.017 127.641 -88.294 1.108e+03 3.366e+02 -6.091e+03 5.743e+01 2.132e+01 -1.094e+05 -2.419 20000002600009854 2 9.512 6.238 12.156 10.561 10.747
524506 13.223 -1.000 11.130 5.107 4.489 -9.244 -9.097 -3.335 -173.369 -193.839 24.976 2.197e+03 2.813e+02 2.147e+02 2.991e+01 2.353e+00 -1.308e+05 -2.476 20000002600012529 2 9.408 6.622 12.156 10.561 10.747
524506 13.179 -1.000 11.130 5.188 4.638 -27.956 9.831 27.766 42.316 -67.115 -86.206 1.997e+03 1.533e+03 1.460e+03 5.061e+01 4.616e+00 -8.285e+04 -2.421 20000002600012529 2 9.494 6.693 12.156 10.561 10.747
524506 13.087 -1.000 11.130 5.385 4.942 -33.712 -1.790 30.164 -4.912 75.430 107.131 1.068e+03 2.763e+03 -2.552e+03 5.409e+01 1.472e+01 -7.874e+04 -2.097 20000002600012529 0 9.666 6.829 12.156 10.561 10.747
524506 12.975 -1.000 11.130 5.409 4.996 -36.256 -20.946 -16.435 82.585 24.980 -73.868 2.184e+03 2.305e+03 8.242e+02 4.826e+01 1.361e+01 -8.073e+04 -2.224 20000002600012529 2 9.724 6.778 12.156 10.561 10.747
524506 12.705 -1.000 11.130 5.165 4.687 -10.044 15.482 -44.218 41.864 -4.902 -24.681 1.623e+03 3.372e+03 -5.989e+02 5.467e+01 4.812e+00 -7.427e+04 -2.222 20000002600012529 2 9.800 6.698 12.156 10.561 10.747
524506 12.640 -1.000 11.130 5.185 4.708 -35.162 8.750 5.104 192.876 0.985 -24.043 3.693e+03 5.739e+01 -1.722e+03 5.909e+01 3.361e+00 -8.944e+04 -2.114 20000002600012529 2 9.820 6.697 12.156 10.561 10.747
524506 12.536 -1.000 11.130 5.045 4.306 24.839 6.186 4.400 166.728 6.395 80.532 2.540e+03 3.404e+02 -8.725e+02 3.937e+01 3.277e+00 -1.030e+05 -1.947 20000002600012529 2 9.860 6.712 12.156 10.561 10.747
524506 13.087 -1.000 10.975 5.554 5.041 -11.274 3.316 0.105 13.133 11.324 -13.505 1.002e+03 8.927e+00 -1.712e+02 1.176e+01 3.515e-01 -1.372e+05 -2.044 20000002600014666 2 9.867 6.863 12.156 10.561 10.747
524506 13.055 -1.000 10.975 5.431 4.926 -16.968 -0.463 0.670 119.457 1.180 -133.260 1.475e+03 1.386e+03 3.529e+01 2.222e+01 5.948e+00 -1.207e+05 -1.959 20000002600014666 2 9.908 6.900 12.156 10.561 10.747
524506 12.887 -1.000 10.975 5.352 4.556 -2.143 -5.127 -0.736 138.869 -213.479 -214.108 4.393e+02 4.278e+02 1.169e+03 1.534e+01 4.247e+00 -1.750e+05 -2.180 20000002600014666 2 10.077 7.109 12.156 10.561 10.747
524506 12.853 -1.000 10.975 5.288 4.271 -5.838 -4.264 -6.924 -40.247 -41.703 35.457 5.755e+02 5.341e+02 7.185e+01 1.061e+01 1.231e+00 -1.424e+05 -1.967 20000002600014666 2 10.109 7.133 12.156 10.561 10.747
524506 12.705 -1.000 10.975 5.580 4.993 8.864 -7.602 3.260 204.887 67.704 -84.700 1.778e+02 4.167e+02 2.158e+03 1.730e+01 9.155e+00 -1.353e+05 -1.310 20000002600014666 2 10.264 7.495 12.156 10.561 10.747
524506 12.705 -1.000 10.975 5.319 4.336 2.114 0.961 5.913 -34.955 102.466 -44.723 1.573e+02 5.900e+02 2.502e+02 7.246e+00 1.511e+00 -1.635e+05 -1.996 20000002600014666 2 10.264 7.495 12.156 10.561 10.747
524506 12.640 -1.000 10.975 5.818 5.284 0.845 1.179 1.676 -0.408 130.084 355.425 3.587e+02 4.662e+02 1.104e+02 7.808e+00 6.369e-01 -2.279e+05 -1.747 20000002600014666 2 10.436 7.788 12.156 10.561 10.747
524506 12.640 -1.000 10.975 5.126 3.557 0.142 -1.556 1.927 320.614 -447.091 -107.788 5.335e+03 3.063e+02 4.354e+02 7.329e+01 2.194e+00 -2.199e+05 -1.695 20000002600014666 2 10.436 7.788 12.156 10.561 10.747
524506 12.640 -1.000 10.975 5.008 4.531 -23.189 28.814 -41.129 47.905 -42.487 -108.461 9.080e+02 6.408e+03 -3.951e+02 6.420e+01 2.123e+01 -7.044e+04 -1.657 20000002600014666 2 10.436 7.788 12.156 10.561 10.747
524506 12.640 -1.000 10.975 5.685 5.189 -9.838 -8.046 5.045 44.573 -48.973 70.477 5.519e+02 3.737e+02 8.404e+02 1.402e+01 3.128e+00 -1.295e+05 -1.210 20000002600014666 2 10.436 7.788 12.156 10.561 10.747
524506 12.536 -1.000 10.975 5.626 5.174 3.964 -14.210 -0.672 141.748 76.280 -74.160 1.003e+02 2.221e+02 2.317e+03 1.530e+01 9.630e+00 -1.267e+05 -1.787 20000002600014666 2 10.590 8.118 12.156 10.561 10.747
524506 12.004 -1.000 10.975 6.210 5.889 6.055 11.257 -3.624 84.987 81.300 -43.744 1.088e+03 7.071e+01 -4.644e+02 1.581e+01 8.133e-01 -1.311e+05 -1.382 20000002600014666 2 10.775 8.320 12.156 10.561 10.747
524506 12.004 -1.000 10.975 5.178 4.343 -11.259 5.585 -3.606 -49.922 -43.778 -14.979 7.194e+02 6.653e+01 7.717e+02 1.333e+01 1.573e+00 -1.318e+05 -1.347 20000002600014666 2 10.775 8.320 12.156 10.561 10.747
524506 12.004 -1.000 10.975 5.723 5.281 -5.943 -1.816 0.806 -171.840 -52.780 -178.194 6.392e+02 9.812e+02 1.610e+00 1.006e+01 3.432e+00 -1.689e+05 -1.367 20000002600014666 2 10.775 8.320 12.156 10.561 10.747
524506 12.004 -1.000 10.975 5.086 2.866 -0.103 -10.104 -1.864 149.669 53.669 -37.397 1.612e+02 9.017e+01 1.507e+03 1.084e+01 5.005e+00 -1.434e+05 -1.605 20000002600014666 2 10.775 8.320 12.156 10.561 10.747
524506 12.004 -1.000 10.975 5.624 4.846 0.760 3.054 6.949 116.729 -82.313 -50.263 1.459e+02 7.405e+02 -4.190e+02 9.174e+00 2.612e+00 -1.543e+05 -0.880 20000002600014666 2 10.775 8.320 12.156 10.561 10.747
524506 12.004 -1.000 10.975 5.714 5.237 -3.997 -1.057 -0.102 391.903 -135.083 38.848 1.504e+03 8.560e+00 9.542e+02 2.394e+01 1.788e+00 -1.923e+05 -1.338 20000002600014666 2 10.775 8.320 12.156 10.561 10.747
524506 12.004 -1.000 10.975 5.769 5.312 21.249 -24.014 -10.383 115.959 -61.149 -38.109 2.387e+03 2.249e+02 1.485e+03 4.257e+01 3.101e+00 -9.226e+04 -1.287 20000002600014666 2 10.775 8.320 12.156 10.561 10.747
524506 12.004 -1.000 10.975 5.736 5.222 -0.634 -2.316 0.976 363.552 -280.162 169.626 1.532e+03 1.683e+02 1.020e+03 2.699e+01 2.174e+00 -2.205e+05 -1.037 20000002600014666 2 10.775 8.320 12.156 10.561 10.747
524506 12.004 -1.000 10.975 5.723 5.238 -0.306 -0.394 -0.885 174.576 51.133 -560.366 2.570e+01 1.300e+03 5.314e+01 2.148e+01 6.362e-01 -2.842e+05 -0.866 20000002600014666 2 10.775 8.320 12.156 10.561 10.747
524506 12.004 -1.000 10.975 5.169 4.242 -4.411 3.958 -2.301 -161.860 73.961 -206.323 7.286e+02 4.903e+02 3.144e+02 1.305e+01 1.849e+00 -1.671e+05 -0.951 20000002600014666 1 10.775 8.320 12.156 10.561 10.747
524506 12.004 -1.000 10.975 6.074 5.751 4.228 -8.639 -11.836 133.039 -111.532 20.337 3.239e+02 1.663e+03 6.778e+02 1.973e+01 6.980e+00 -1.226e+05 -1.369 20000002600014666 1 10.775 8.320 12.156 10.561 10.747
524506 11.872 -1.000 10.975 6.142 5.765 3.892 2.420 0.354 65.528 -131.800 91.582 7.068e+01 9.446e+01 -6.715e+02 4.615e+00 2.326e+00 -1.862e+05 -2.323 20000002600014666 2 10.864 8.391 12.156 10.561 10.747
524506 11.872 -1.000 10.975 5.471 4.577 0.317 -1.440 -2.013 126.979 -319.631 331.038 1.250e+03 8.976e+02 8.153e+01 2.390e+01 2.381e+00 -2.192e+05 -1.398 20000002600014666 2 10.864 8.391 12.156 10.561 10.747
524506 11.872 -1.000 10.975 5.536 4.755 2.785 4.060 11.169 98.448 57.925 68.575 5.408e+02 1.005e+03 -2.384e+02 1.538e+01 2.110e+00 -1.317e+05 -1.018 20000002600014666 2 10.864 8.391 12.156 10.561 10.747
524506 11.872 -1.000 10.975 5.175 3.410 0.327 1.997 -4.217 56.219 173.475 -198.559 5.377e+02 4.682e+02 -5.554e+01 1.008e+01 6.164e-01 -1.801e+05 -1.401 20000002600014666 2 10.864 8.391 12.156 10.561 10.747
524506 11.872 -1.000 10.975 5.787 5.110 -7.239 0.206 1.169 -94.852 -4.075 58.396 7.200e+02 6.295e+01 4.904e+01 8.191e+00 5.140e-01 -1.604e+05 -1.686 20000002600014666 2 10.864 8.391 12.156 10.561 10.747
524506 11.872 -1.000 10.975 5.497 4.936 -0.717 -11.337 -7.949 37.516 -41.649 -81.970 8.136e+02 4.220e+02 4.552e+02 1.553e+01 1.584e+00 -1.280e+05 -0.712 20000002600014666 2 10.864 8.391 12.156 10.561 10.747
524506 11.872 -1.000 10.975 5.301 4.166 -3.397 7.609 7.537 24.476 -45.178 -22.999 8.257e+02 3.083e+02 -3.277e+01 1.214e+01 2.977e-01 -1.371e+05 -1.386 20000002600014666 2 10.864 8.391 12.156 10.561 10.747
524506 11.872 -1.000 10.975 5.488 4.968 -0.784 -3.456 -2.469 -29.370 135.793 168.148 3.806e+02 2.141e+02 -2.080e+02 6.778e+00 6.589e-01 -1.871e+05 -1.273 20000002600014666 2 10.864 8.391 12.156 10.561 10.747
524506 11.872 -1.000 10.975 5.089 3.821 -7.236 -2.985 -7.866 226.238 26.576 121.104 1.308e+03 6.137e+02 4.830e+02 2.477e+01 1.967e+00 -1.375e+05 -1.254 20000002600014666 2 10.864 8.391 12.156 10.561 10.747
524506 11.872 -1.000 10.975 6.042 5.709 -5.610 -4.976 -0.722 249.164 175.409 -163.176 1.905e+03 5.245e+02 2.558e+02 2.749e+01 3.125e+00 -1.592e+05 -1.448 20000002600014666 2 10.864 8.391 12.156 10.561 10.747
524506 13.055 -1.000 11.670 5.187 4.696 5.271 60.031 41.829 84.904 -16.962 63.636 1.560e+03 2.748e+03 -5.186e+03 7.934e+01 2.370e+01 -6.121e+04 -2.611 20000002600016067 2 9.812 6.749 12.156 10.561 10.747
524506 12.853 -1.000 11.670 5.507 4.843 -1.474 1.831 -0.211 385.885 -299.936 55.569 1.856e+03 1.134e+01 -2.644e+02 2.323e+01 3.806e-01 -2.286e+05 -2.410 20000002600016067 2 9.988 6.861 12.156 10.561 10.747
524506 13.055 -1.000 11.578 5.285 3.586 1.270 -0.594 -2.071 -271.212 156.177 -89.686 1.299e+02 6.923e+02 3.724e+01 5.574e+00 1.984e+00 -2.189e+05 -1.815 20000002600016669 2 9.637 6.712 12.156 10.561 10.747
524506 12.975 -1.000 11.578 5.510 5.093 9.764 8.186 23.384 157.237 35.301 46.248 7.656e+02 2.717e+03 -9.425e+02 3.798e+01 9.539e+00 -9.815e+04 -2.242 20000002600016669 2 9.751 6.753 12.156 10.561 10.747
524506 12.887 -1.000 11.578 5.113 2.849 11.686 8.366 1.006 29.057 11.350 15.482 1.258e+03 1.582e+01 -1.105e+02 1.457e+01 3.264e-01 -1.278e+05 -1.820 20000002600016669 2 9.823 6.796 12.156 10.561 10.747
524506 12.853 -1.000 11.578 5.270 4.754 34.568 -10.631 7.445 0.419 41.382 -85.544 1.696e+03 1.121e+03 1.435e+03 3.769e+01 9.371e+00 -8.896e+04 -2.345 20000002600016669 2 9.884 6.913 12.156 10.561 10.747
524506 12.705 -1.000 11.578 5.286 4.579 8.340 7.845 7.945 169.814 96.603 64.458 1.312e+03 4.400e+02 -5.265e+02 2.327e+01 1.902e+00 -1.278e+05 -1.848 20000002600016669 2 10.154 7.142 12.156 10.561 10.747
524506 12.782 -1.000 12.451 5.608 5.100 3.322 1.011 5.447 221.383 -27.133 -72.712 4.520e+01 1.177e+03 -3.140e+02 9.329e+00 4.753e+00 -1.632e+05 -1.501 20000002600017092 2 10.032 7.392 12.156 10.561 10.747
524506 12.782 -1.000 12.451 5.033 4.434 1.126 18.367 -13.670 100.266 -128.756 119.436 1.266e+03 8.852e+02 -1.987e+03 3.786e+01 6.174e+00 -1.064e+05 -1.593 20000002600017092 2 10.032 7.392 12.156 10.561 10.747
524506 12.782 -1.000 12.451 5.104 4.555 -43.979 -5.678 26.965 35.783 -27.424 -84.696 2.616e+03 1.701e+03 1.409e+03 5.833e+01 8.022e+00 -7.444e+04 -1.984 20000002600017092 1 10.032 7.392 12.156 10.561 10.747
524506 12.975 -1.000 10.833 5.482 4.748 5.624 -18.252 -5.974 21.634 -58.733 9.550 1.634e+03 1.667e+02 6.455e+01 2.105e+01 8.861e-01 -1.133e+05 -1.914 20000002600018985 2 9.700 6.485 12.156 10.561 10.747
524506 12.887 -1.000 10.833 5.108 4.252 -16.396 -14.327 9.136 11.162 -39.581 -40.795 1.292e+03 4.198e+02 8.089e+02 2.410e+01 2.929e+00 -1.062e+05 -1.799 20000002600018985 2 9.809 6.589 12.156 10.561 10.747
524506 12.853 -1.000 10.833 5.046 4.119 -4.681 -1.434 -26.475 29.022 -14.351 -60.557 1.028e+03 2.196e+03 1.088e+02 3.193e+01 2.032e+00 -9.669e+04 -2.138 20000002600018985 2 9.851 6.643 12.156 10.561 10.747
524506 12.782 -1.000 10.833 5.085 4.336 7.671 -25.946 10.995 3.355 -93.292 -31.767 1.821e+03 7.375e+02 -6.286e+02 3.208e+01 4.553e+00 -9.771e+04 -2.010 20000002600018985 2 9.953 6.867 12.156 10.561 10.747
524506 12.853 -1.000 10.685 5.298 4.804 53.744 -11.541 -25.894 142.254 -25.558 -109.390 6.145e+03 1.351e+03 2.682e+02 9.714e+01 4.388e+00 -6.894e+04 -2.223 20000002600020194 2 9.596 6.275 12.156 10.561 10.747
524506 12.536 -1.000 10.685 5.042 4.272 -56.982 41.870 5.402 53.274 -47.531 -26.233 5.693e+03 1.597e+02 4.778e+02 7.635e+01 2.769e+00 -6.411e+04 -2.141 20000002600020194 2 9.659 6.224 12.156 10.561 10.747
524506 12.351 -1.000 7.285 5.040 4.397 -20.980 68.886 63.288 68.714 -31.179 -33.409 3.814e+03 2.778e+03 -4.079e+03 1.078e+02 1.345e+01 -5.129e+04 -2.051 20000002600038023 2 9.895 6.457 12.156 10.561 10.747
524506 12.276 -1.000 7.285 5.074 3.693 -28.649 52.262 -33.900 28.088 -46.174 -19.478 4.340e+03 1.576e+03 -1.451e+02 7.253e+01 6.564e+00 -6.411e+04 -1.890 20000002600038023 1 10.030 6.678 12.156 10.561 10.747
524506 12.128 -1.000 7.285 5.688 5.315 11.082 59.421 -45.018 10.852 -31.457 37.251 4.308e+03 1.729e+03 -9.934e+02 8.160e+01 2.772e+00 -6.007e+04 -2.204 20000002600038023 2 10.140 6.956 12.156 10.561 10.747
524506 12.128 -1.000 7.285 5.492 5.081 -19.132 1.109 9.736 307.976 -93.960 -34.215 5.256e+03 6.090e+02 1.456e+03 8.393e+01 6.081e+00 -1.098e+05 -1.502 20000002600038023 2 10.140 6.956 12.156 10.561 10.747
524506 12.128 -1.000 7.285 5.191 4.680 -20.163 44.430 -9.302 69.894 -99.828 34.642 4.114e+03 1.533e+02 -1.093e+03 6.126e+01 2.178e+00 -7.743e+04 -1.946 20000002600038023 2 10.140 6.956 12.156 10.561 10.747
524506 12.004 -1.000 7.285 5.349 4.994 -136.552 74.507 42.230 104.323 -53.396 -29.633 1.426e+04 4.839e+02 -4.815e+02 2.105e+02 7.904e-01 -3.608e+04 -1.600 20000002600038023 1 10.194 7.031 12.156 10.561 10.747
524506 11.872 -1.000 7.285 5.307 4.892 31.775 -6.074 -52.396 63.060 -48.507 -19.089 2.199e+03 3.918e+03 -1.158e+03 7.204e+01 9.110e+00 -6.551e+04 -1.783 20000002600038023 2 10.263 7.083 12.156 10.561 10.747
524506 13.055 -1.000 10.833 5.118 4.605 65.984 37.111 13.817 104.989 20.559 31.347 5.436e+03 2.198e+02 -2.540e+03 9.067e+01 5.623e+00 -6.097e+04 -2.311 20000002600039002 2 9.417 6.244 12.156 10.561 10.747
524506 12.705 -1.000 10.833 5.136 3.992 -68.820 39.739 3.590 105.164 -71.783 -57.666 7.164e+03 9.058e+02 7.610e+02 1.023e+02 9.518e+00 -5.992e+04 -1.814 20000002600039002 1 9.645 6.381 12.156 10.561 10.747
524506 12.640 -1.000 10.833 5.028 3.788 57.726 1.378 18.066 162.789 -60.907 48.723 4.721e+03 4.287e+02 -3.740e+03 9.334e+01 8.876e+00 -6.960e+04 -2.411 20000002600039002 2 9.677 6.400 12.156 10.561 10.747
524506 12.351 -1.000 3.967 5.282 4.845 71.415 -45.359 -16.859 84.579 -46.907 -62.171 7.065e+03 9.236e+02 4.866e+02 1.027e+02 7.952e+00 -5.681e+04 -1.713 20000002600050734 2 9.917 6.418 12.156 10.561 10.747
524506 11.431 -1.000 3.967 5.465 5.091 8.268 -18.762 13.467 281.219 -236.477 -35.824 9.053e+03 1.432e+03 3.321e+03 1.593e+02 1.547e+01 -1.039e+05 -1.424 20000002600050734 2 10.329 7.302 12.156 10.561 10.747
524506 11.276 -1.000 3.967 5.550 5.115 3.456 -7.872 -2.673 36.801 331.770 -156.211 2.178e+03 6.988e+02 1.436e+03 4.281e+01 6.175e+00 -1.495e+05 -1.375 20000002600050734 2 10.391 7.365 12.156 10.561 10.747
524506 11.276 -1.000 3.967 5.006 4.441 35.143 18.339 15.925 175.799 85.413 47.565 5.103e+03 5.115e+02 -2.223e+02 7.391e+01 2.114e+00 -8.270e+04 -1.640 20000002600050734 2 10.391 7.365 12.156 10.561 10.747
524506 11.130 -1.000 3.967 5.669 5.351 -44.828 89.352 -23.070 15.144 -19.555 10.750 7.410e+03 2.897e+02 -4.765e+02 1.043e+02 1.002e+00 -5.067e+04 -1.282 20000002600050734 2 10.455 7.464 12.156 10.561 10.747
524506 11.130 -1.000 3.967 5.085 4.332 37.655 43.638 -7.542 65.645 17.293 -42.169 3.449e+03 3.518e+02 -2.213e+03 6.143e+01 6.854e+00 -7.151e+04 -1.847 20000002600050734 2 10.455 7.464 12.156 10.561 10.747
524506 11.130 -1.000 3.967 5.036 4.441 48.420 21.939 -27.697 14.162 -32.952 -6.942 3.115e+03 8.207e+02 -1.906e+03 6.187e+01 4.474e+00 -6.928e+04 -1.242 20000002600050734 1 10.455 7.464 12.156 10.561 10.747
524506 11.130 -1.000 3.967 5.429 5.072 -56.576 -38.516 41.154 172.154 64.632 -96.462 8.391e+03 1.688e+03 2.974e+03 1.565e+02 7.083e+00 -5.845e+04 -1.861 20000002600050734 1 10.455 7.464 12.156 10.561 10.747
524506 10.975 -1.000 3.967 5.434 5.062 9.771 8.302 -11.903 204.370 111.923 -277.092 4.994e+03 2.943e+03 -6.031e+02 9.993e+01 1.880e+00 -1.173e+05 -1.585 20000002600050734 2 10.503 7.515 12.156 10.561 10.747
524506 12.351 -1.000 10.685 5.013 4.417 -62.664 -22.707 24.449 55.520 -66.847 -51.656 2.204e+03 1.011e+03 5.450e+03 7.512e+01 1.884e+01 -6.349e+04 -2.550 20000002600051982 2 9.687 6.084 12.156 10.561 10.747
545703 13.055 -1.000 -1.000 6.025 4.355 -0.547 -1.070 -0.570 -155.706 20.778 7.063 2.899e+01 2.714e+01 -1.780e+02 1.391e+00 5.698e-01 -2.253e+05 -1.215 -1 2 10.533 8.135 12.045 10.470 10.648
545703 12.887 -1.000 -1.000 6.030 4.031 -0.296 -0.128 0.699 -11.256 -13.186 183.206 3.464e+01 8.935e+01 2.462e+00 1.082e+00 1.375e-01 -2.560e+05 -1.901 -1 2 10.780 8.584 12.045 10.470 10.648
545703 12.887 -1.000 -1.000 5.737 5.371 -17.814 2.345 1.360 135.636 -62.404 -106.311 1.321e+03 7.055e+02 7.936e+02 2.629e+01 5.171e+00 -9.995e+04 -1.412 -1 2 10.780 8.584 12.045 10.470 10.648
545703 12.640 -1.000 -1.000 6.349 5.698 0.519 0.740 0.384 40.542 -24.613 213.475 1.447e+01 1.454e+02 -4.278e+01 1.150e+00 6.277e-01 -2.453e+05 -1.034 -1 2 11.013 8.739 12.045 10.470 10.648
545703 12.640 -1.000 -1.000 5.127 4.503 1.764 -40.816 24.271 -104.573 -27.840 56.291 9.079e+02 1.140e+03 -4.317e+03 5.166e+01 1.794e+01 -6.373e+04 -1.525 -1 2 11.013 8.739 12.045 10.470 10.648
545703 12.640 -1.000 -1.000 5.017 4.278 23.008 19.237 8.879 31.775 110.382 99.530 1.556e+03 8.222e+02 1.928e+03 4.034e+01 8.299e+00 -7.907e+04 -1.327 -1 2 11.013 8.739 12.045 10.470 10.648
545703 12.640 -1.000 -1.000 5.361 4.192 -5.259 -1.502 0.982 2.914 -0.905 -219.752 1.622e+01 1.181e+03 9.136e+00 6.809e+00 4.964e+00 -1.469e+05 -1.195 -1 2 11.013 8.739 12.045 10.470 10.648
545703 12.640 -1.000 -1.000 5.362 4.662 -6.397 -6.832 1.752 104.462 44.000 -37.812 6.703e+02 3.357e+01 4.322e+02 1.118e+01 9.149e-01 -1.246e+05 -0.468 -1 2 11.013 8.739 12.045 10.470 10.648
545703 12.640 -1.000 -1.000 5.032 4.118 9.820 4.928 4.955 -85.064 -150.327 -33.096 6.522e+02 1.725e+02 -1.057e+03 1.711e+01 3.130e+00 -1.149e+05 -1.137 -1 2 11.013 8.739 12.045 10.470 10.648
545703 12.640 -1.000 -1.000 5.417 4.858 9.113 -17.542 -16.253 -38.029 19.409 72.541 1.405e+03 7.504e+02 -4.902e+02 2.867e+01 2.300e+00 -8.537e+04 -1.163 -1 2 11.013 8.739 12.045 10.470 10.648
545703 12.536 -1.000 -1.000 6.118 5.018 0.431 1.172 -0.172 59.602 -54.878 198.068 1.599e+01 1.505e+02 -9.351e+01 1.346e+00 8.199e-01 -2.298e+05 -1.775 -1 2 11.095 8.842 12.045 10.470 10.648
545703 12.536 -1.000 -1.000 5.352 4.592 -2.618 11.154 -24.897 45.854 2.592 55.388 1.057e+03 1.505e+03 -5.182e+02 3.087e+01 2.967e+00 -8.149e+04 -1.190 -1 2 11.095 8.842 12.045 10.470 10.648
545703 12.451 -1.000 -1.000 6.056 5.515 -0.743 -0.568 -1.401 -162.707 184.691 -209.415 1.170e+02 2.270e+02 -2.296e+02 3.955e+00 1.099e+00 -2.083e+05 -1.001 -1 2 11.148 8.890 12.045 10.470 10.648
545703 12.451 -1.000 -1.000 6.041 4.301 0.497 -0.002 -0.811 -94.317 -130.861 -130.652 3.949e+00 1.356e+02 -6.523e+01 1.151e+00 5.911e-01 -2.442e+05 -1.610 -1 2 11.148 8.890 12.045 10.470 10.648
545703 12.351 -1.000 -1.000 6.389 5.812 0.300 -0.452 -0.598 140.491 236.201 -87.118 8.032e+00 9.812e+01 1.344e+02 1.252e+00 7.369e-01 -2.548e+05 -1.446 -1 2 11.231 8.989 12.045 10.470 10.648
545703 12.351 -1.000 -1.000 6.146 5.522 0.952 0.395 -0.468 86.958 -25.867 -197.990 4.630e+01 1.137e+02 -5.897e+01 1.458e+00 4.965e-01 -2.360e+05 -1.037 -1 2 11.231 8.989 12.045 10.470 10.648
545703 12.351 -1.000 -1.000 5.280 4.519 -0.750 -3.602 -2.687 -334.012 6.565 40.065 5.206e+02 2.715e+02 -1.208e+03 1.662e+01 4.506e+00 -1.554e+05 -1.226 -1 2 11.231 8.989 12.045 10.470 10.648
545703 12.351 -1.000 -1.000 6.147 4.678 0.318 0.101 -0.477 161.943 55.377 -277.007 9.314e+01 6.560e+01 1.254e+00 1.510e+00 2.660e-02 -2.708e+05 -1.118 -1 2 11.231 8.989 12.045 10.470 10.648
545703 12.276 -1.000 -1.000 6.186 5.846 -0.382 1.652 -1.992 171.990 -180.437 188.345 4.039e+02 1.655e+02 -2.152e+02 7.317e+00 6.766e-01 -1.829e+05 -0.650 -1 2 11.253 8.992 12.045 10.470 10.648
545703 12.276 -1.000 -1.000 5.426 4.531 -2.240 3.106 -5.722 -19.379 -48.615 -177.280 2.482e+02 7.827e+02 1.691e+02 9.720e+00 2.400e+00 -1.367e+05 -1.225 -1 2 11.253 8.992 12.045 10.470 10.648
545703 12.276 -1.000 -1.000 6.091 5.710 0.113 1.298 -3.559 -29.368 201.510 65.125 7.288e-01 7.559e+02 6.089e+01 4.309e+00 3.131e+00 -1.636e+05 -1.223 -1 2 11.253 8.992 12.045 10.470 10.648
545703 12.128 -1.000 -1.000 6.265 5.790 1.696 1.129 1.275 12.867 -76.047 117.391 6.963e+01 1.797e+02 -1.435e+02 2.481e+00 8.234e-01 -1.881e+05 -1.131 -1 2 11.315 9.039 12.045 10.470 10.648
545703 12.128 -1.000 -1.000 6.086 5.055 -0.181 -0.380 -0.857 -1.609 171.244 152.824 6.286e+01 9.264e+01 -3.161e+01 1.473e+00 2.474e-01 -2.436e+05 -1.230 -1 2 11.315 9.039 12.045 10.470 10.648
545703 12.128 -1.000 -1.000 5.550 3.573 -5.719 0.045 0.639 72.887 -13.373 -99.073 3.080e+02 3.979e+02 7.320e+01 6.356e+00 1.202e+00 -1.454e+05 -1.202 -1 2 11.315 9.039 12.045 10.470 10.648
545703 11.578 -1.000 -1.000 6.420 5.828 -0.289 0.417 -0.509 -82.924 115.747 44.482 2.686e+01 7.084e+01 1.128e+00 8.234e-01 3.302e-01 -2.614e+05 -1.174 -1 2 11.444 9.156 12.045 10.470 10.648
545703 11.578 -1.000 -1.000 5.862 5.165 -0.519 2.860 -2.538 -8.649 96.705 -60.997 3.572e+02 5.926e+01 -2.545e+01 4.465e+00 1.413e-01 -1.632e+05 -1.313 -1 2 11.444 9.156 12.045 10.470 10.648
545703 11.578 -1.000 -1.000 6.005 5.324 -0.856 0.703 -0.508 -17.369 81.071 -267.229 4.902e+01 2.081e+02 -5.719e+01 1.934e+00 7.078e-01 -2.311e+05 -0.547 -1 2 11.444 9.156 12.045 10.470 10.648
545703 11.578 -1.000 -1.000 5.966 5.475 1.402 0.328 -2.312 -54.044 20.335 -202.195 1.221e+02 3.745e+02 4.624e+01 3.811e+00 9.813e-01 -1.805e+05 -0.925 -1 2 11.444 9.156 12.045 10.470 10.648
545703 11.431 -1.000 -1.000 6.399 6.037 1.137 1.260 1.419 70.593 194.861 -6.078 1.029e+02 1.976e+02 1.326e+02 2.945e+00 7.891e-01 -1.926e+05 -1.490 -1 2 11.508 9.298 12.045 10.470 10.648
545703 11.431 -1.000 -1.000 5.719 4.903 3.040 1.110 -0.913 169.332 -36.447 66.110 1.422e+02 1.594e+02 -2.988e+02 4.227e+00 1.142e+00 -1.704e+05 -0.827 -1 2 11.508 9.298 12.045 10.470 10.648
545703 11.431 -1.000 -1.000 5.187 2.723 -1.594 4.635 -2.303 -60.526 -127.458 45.188 2.646e+02 5.912e+01 4.837e+02 6.495e+00 1.227e+00 -1.478e+05 -0.750 -1 2 11.508 9.298 12.045 10.470 10.648
545703 11.431 -1.000 -1.000 5.483 4.715 4.864 -0.320 -2.409 68.569 -0.892 -152.136 3.127e+02 5.341e+02 1.760e+01 7.000e+00 1.346e+00 -1.476e+05 -1.044 -1 2 11.508 9.298 12.045 10.470 10.648
545703 11.431 -1.000 -1.000 5.760 5.074 -0.523 1.038 3.238 114.227 42.255 -116.789 1.434e+02 3.012e+02 -1.407e+02 4.240e+00 9.983e-01 -1.683e+05 -0.748 -1 2 11.508 9.298 12.045 10.470 10.648
545703 11.431 -1.000 -1.000 5.329 4.174 -0.347 -1.183 2.153 28.348 60.496 317.818 2.739e+02 5.848e+02 1.254e+01 7.268e+00 1.189e+00 -1.856e+05 -0.987 -1 2 11.508 9.298 12.045 10.470 10.648
545703 11.431 -1.000 -1.000 5.326 4.391 1.815 -5.655 -1.857 -3.687 93.007 -28.104 4.257e+02 1.600e+02 1.480e+02 6.740e+00 7.323e-01 -1.419e+05 -1.318 -1 2 11.508 9.298 12.045 10.470 10.648
545703 11.431 -1.000 -1.000 5.521 4.080 -0.070 1.380 1.920 172.204 40.371 151.519 8.396e+01 2.062e+02 -2.405e+02 3.443e+00 1.117e+00 -1.883e+05 -0.804 -1 2 11.508 9.298 12.045 10.470 10.648
545703 11.276 -1.000 -1.000 6.489 6.020 -0.457 -0.436 0.705 -18.056 110.659 -16.246 2.534e+01 5.352e+01 -5.844e+01 1.034e+00 2.819e-01 -2.453e+05 -0.527 -1 2 11.566 9.373 12.045 10.470 10.648
545703 11.276 -1.000 -1.000 5.894 4.973 -2.057 -0.436 -0.775 -11.962 -46.754 49.575 1.369e+02 5.059e+01 9.096e+01 2.254e+00 3.454e-01 -1.925e+05 -0.998 -1 2 11.566 9.373 12.045 10.470 10.648
545703 11.276 -1.000 -1.000 6.109 4.242 -0.147 0.462 0.723 -56.866 -131.390 14.366 1.394e+01 8.330e+01 4.559e+01 9.771e-01 3.757e-01 -2.497e+05 -1.235 -1 2 11.566 9.373 12.045 10.470 10.648
545703 11.276 -1.000 -1.000 6.467 5.959 -0.041 -0.510 -0.097 51.936 228.208 197.270 7.018e+01 4.032e+01 1.713e+01 1.191e+00 2.205e-01 -2.783e+05 -0.606 -1 2 11.566 9.373 12.045 10.470 10.648
545703 11.276 -1.000 -1.000 6.102 5.598 -1.587 0.462 1.232 83.971 -139.967 81.192 3.265e+01 1.791e+02 1.833e+02 2.205e+00 1.014e+00 -1.969e+05 -0.839 -1 2 11.566 9.373 12.045 10.470 10.648
545703 11.130 -1.000 -1.000 6.358 5.744 -0.053 -1.080 -0.187 -23.740 -123.857 -23.342 9.370e+01 2.669e+00 -1.907e+01 1.244e+00 5.099e-02 -2.390e+05 -0.373 -1 2 11.622 9.497 12.045 10.470 10.648
545703 11.130 -1.000 -1.000 6.231 5.494 -0.400 0.441 -0.024 38.304 -234.384 7.733 3.783e+01 1.117e-01 7.686e+01 9.550e-01 2.380e-01 -2.730e+05 -0.834 -1 2 11.622 9.497 12.045 10.470 10.648
545703 11.130 -1.000 -1.000 5.791 5.163 -2.263 -1.048 -2.173 39.761 -144.222 5.172 5.924e+01 1.306e+02 3.680e+02 3.383e+00 1.368e+00 -1.708e+05 -0.769 -1 2 11.622 9.497 12.045 10.470 10.648
545703 11.130 -1.000 -1.000 5.562 5.142 -10.925 2.489 -1.580 147.240 37.886 -49.474 6.464e+02 2.170e+02 -7.804e+02 1.466e+01 2.860e+00 -1.178e+05 -0.717 -1 2 11.622 9.497 12.045 10.470 10.648
545703 11.130 -1.000 -1.000 5.816 4.602 0.832 0.584 -1.381 -219.111 -58.428 -87.935 9.013e+00 3.298e+02 7.935e+01 2.127e+00 1.249e+00 -2.073e+05 -0.476 -1 2 11.622 9.497 12.045 10.470 10.648
545703 10.975 -1.000 -1.000 6.704 6.328 -0.104 0.614 -0.167 -88.110 -251.231 117.305 6.295e+01 1.264e+01 8.023e+01 1.273e+00 2.398e-01 -2.691e+05 -0.843 -1 2 11.686 9.641 12.045 10.470 10.648
545703 10.975 -1.000 -1.000 5.935 4.730 0.458 -0.160 0.990 122.227 -131.414 49.809 3.182e+01 1.347e+02 -4.063e+01 1.372e+00 4.433e-01 -2.347e+05 -0.879 -1 2 11.686 9.641 12.045 10.470 10.648
545703 10.975 -1.000 -1.000 5.802 5.136 3.327 -2.586 -1.010 -125.574 46.583 55.678 3.762e+02 2.765e+01 -1.698e+02 5.386e+00 3.849e-01 -1.581e+05 -0.893 -1 2 11.686 9.641 12.045 10.470 10.648
545703 10.975 -1.000 -1.000 5.902 4.724 -0.535 0.919 0.976 213.156 130.617 -46.096 1.420e+00 1.045e+02 -2.658e+02 1.746e+00 1.175e+00 -2.188e+05 -0.334 -1 2 11.686 9.641 12.045 10.470 10.648
545703 10.975 -1.000 -1.000 5.935 5.479 -1.606 -0.219 2.551 -123.398 -46.590 -180.086 3.560e+01 5.845e+02 4.780e+01 3.914e+00 1.974e+00 -1.751e+05 -1.156 -1 2 11.686 9.641 12.045 10.470 10.648
545703 10.975 -1.000 -1.000 5.963 4.346 0.127 1.447 0.511 5.109 -141.232 -95.813 1.501e+02 2.528e+01 -2.533e+01 1.924e+00 1.632e-01 -2.160e+05 -1.426 -1 2 11.686 9.641 12.045 10.470 10.648
545703 10.975 -1.000 -1.000 5.528 5.019 4.415 -4.763 0.386 -102.588 94.100 166.413 3.204e+02 9.930e+02 -7.318e+01 9.858e+00 3.556e+00 -1.401e+05 -0.659 -1 2 11.686 9.641 12.045 10.470 10.648
545703 10.975 -1.000 -1.000 5.409 4.007 -2.223 -0.586 -2.009 -188.975 -247.421 -6.100 2.927e+02 2.831e+02 4.393e+02 8.183e+00 1.954e+00 -1.749e+05 -0.865 -1 2 11.686 9.641 12.045 10.470 10.648
545703 10.975 -1.000 -1.000 5.663 4.939 -0.125 0.455 -0.965 -319.796 55.308 219.901 1.300e+02 2.615e+02 1.386e+02 3.757e+00 9.282e-01 -2.363e+05 -0.737 -1 2 11.686 9.641 12.045 10.470 10.648
545703 10.975 -1.000 -1.000 6.673 6.367 -3.678 2.501 0.016 53.333 88.889 85.895 9.555e+01 1.298e+02 -4.603e+02 4.451e+00 1.693e+00 -1.569e+05 -0.664 -1 2 11.686 9.641 12.045 10.470 10.648
545703 10.975 -1.000 -1.000 6.050 4.956 -0.078 1.938 0.559 25.626 -82.057 -14.642 1.729e+02 8.001e+00 -4.326e+01 2.148e+00 1.047e-01 -1.989e+05 -0.865 -1 2 11.686 9.641 12.045 10.470 10.648
545703 10.975 -1.000 -1.000 6.172 5.097 0.049 -0.016 -0.010 -253.255 -73.607 -86.566 3.978e+01 4.452e+00 -7.659e+00 7.073e-01 3.682e-02 -3.035e+05 -0.770 -1 2 11.686 9.641 12.045 10.470 10.648
545703 10.975 -1.000 -1.000 5.167 3.878 -1.766 3.264 -3.786 85.676 -27.211 124.424 3.440e+02 1.909e+02 -2.316e+02 6.806e+00 8.012e-01 -1.483e+05 -0.935 -1 2 11.686 9.641 12.045 10.470 10.648
545703 10.975 -1.000 -1.000 6.677 6.392 5.407 1.420 7.861 24.153 -66.942 36.452 3.683e+02 4.099e+02 -3.963e+02 1.024e+01 1.617e+00 -1.226e+05 -0.551 -1 2 11.686 9.641 12.045 10.470 10.648
545703 10.975 -1.000 -1.000 5.317 4.790 -6.182 -7.275 9.162 70.990 15.079 67.177 3.595e+02 8.981e+02 4.232e+02 1.389e+01 3.810e+00 -1.104e+05 -0.845 -1 2 11.686 9.641 12.045 10.470 10.648
545703 10.975 -1.000 -1.000 6.390 5.874 0.598 0.299 -0.357 -24.341 249.355 -15.023 8.136e+00 2.357e+01 1.564e+02 1.021e+00 6.016e-01 -2.600e+05 -0.612 -1 2 11.686 9.641 12.045 10.470 10.648
545703 13.223 -1.000 12.128 5.614 4.123 -1.340 2.073 -2.529 19.229 -53.250 -93.074 1.336e+02 3.418e+02 3.149e+01 3.625e+00 8.642e-01 -1.674e+05 -1.871 148578621 2 9.847 7.354 12.045 10.470 10.648
545703 13.179 -1.000 12.128 5.393 4.897 -7.583 14.834 -3.679 82.538 -98.610 -36.413 1.224e+03 3.444e+02 -4.766e+02 2.079e+01 2.817e+00 -1.019e+05 -1.250 148578621 2 9.973 7.436 12.045 10.470 10.648
545703 13.055 -1.000 12.128 5.426 4.651 -4.895 10.484 5.095 -29.560 -19.580 -11.537 7.433e+02 1.041e+02 4.058e+02 1.282e+01 8.546e-01 -1.131e+05 -1.909 148578621 2 10.204 7.686 12.045 10.470 10.648
545703 12.975 -1.000 12.128 5.801 5.287 5.339 2.934 2.341 62.902 32.124 76.725 5.507e+02 1.551e+02 -1.304e+01 7.321e+00 5.706e-01 -1.398e+05 -2.381 148578621 2 10.301 7.894 12.045 10.470 10.648
545703 12.975 -1.000 12.128 5.161 4.102 2.899 -5.109 -3.228 92.297 178.467 -118.618 4.725e+01 5.370e+02 9.889e+02 9.669e+00 6.213e+00 -1.385e+05 -1.540 148578621 2 10.301 7.894 12.045 10.470 10.648
545703 12.887 -1.000 12.128 5.578 5.148 2.146 6.727 -2.026 298.279 8.188 70.882 5.296e+02 1.759e+02 -1.989e+03 2.167e+01 6.942e+00 -1.350e+05 -1.604 148578621 2 10.325 7.865 12.045 10.470 10.648
545703 12.853 -1.000 12.128 5.565 4.301 -4.185 1.838 -1.711 -135.490 -23.496 4.069 2.723e+02 7.722e+01 3.474e+02 5.687e+00 9.272e-01 -1.525e+05 -1.317 148578621 2 10.336 7.858 12.045 10.470 10.648
545703 12.705 -1.000 12.128 5.858 5.302 -1.274 0.400 0.865 212.980 -93.405 223.007 4.574e+01 4.616e+02 3.381e+01 3.166e+00 1.448e+00 -2.131e+05 -1.932 148578621 2 10.380 7.841 12.045 10.470 10.648
545703 12.705 -1.000 12.128 5.597 5.060 3.852 -4.854 2.903 105.267 78.612 -1.274 1.131e+02 9.438e+01 8.138e+02 6.927e+00 2.828e+00 -1.377e+05 -1.878 148578621 2 10.380 7.841 12.045 10.470 10.648
545703 12.853 -1.000 11.670 5.234 4.580 -1.517 13.111 15.220 -36.620 -2.904 62.446 8.720e+02 8.565e+02 4.845e+02 2.201e+01 2.503e+00 -9.380e+04 -2.711 148581009 2 9.686 6.343 12.045 10.470 10.648
545703 12.782 -1.000 11.670 5.221 3.672 1.843 3.623 -7.813 37.628 48.708 -49.245 5.354e+02 3.780e+02 -4.656e+01 9.809e+00 5.208e-01 -1.261e+05 -2.754 148581009 2 9.732 6.366 12.045 10.470 10.648
545703 13.345 -1.000 13.223 5.346 4.748 0.688 -3.623 -4.344 -60.097 44.625 -309.632 4.720e+02 1.548e+03 -1.870e+02 1.953e+01 3.751e+00 -1.451e+05 -2.319 148578931 2 9.663 7.135 12.045 10.470 10.648
545703 13.272 -1.000 10.068 5.652 5.064 0.329 1.529 1.368 202.386 283.338 182.662 6.895e+02 1.511e+02 -2.162e+02 1.089e+01 5.832e-01 -1.962e+05 -2.214 148590826 2 9.841 7.317 12.045 10.470 10.648
545703 13.223 -1.000 10.068 5.615 4.871 -1.406 6.363 5.722 60.568 12.228 100.512 2.966e+02 4.697e+02 -4.026e+02 9.570e+00 2.235e+00 -1.274e+05 -1.997 148590826 2 9.898 7.298 12.045 10.470 10.648
545703 13.179 -1.000 10.068 5.463 4.521 -3.868 -0.273 -1.643 -104.734 36.477 58.972 1.804e+02 2.534e+02 -1.697e+02 4.531e+00 1.014e+00 -1.593e+05 -1.540 148590826 2 9.960 7.372 12.045 10.470 10.648
545703 13.055 -1.000 10.068 5.661 5.142 4.935 -3.216 -8.256 35.358 -21.358 -1.569 6.228e+02 3.842e+02 8.310e+00 1.066e+01 5.999e-01 -1.206e+05 -2.273 148590826 2 10.157 7.516 12.045 10.470 10.648
545703 12.975 -1.000 10.068 5.856 5.535 -39.703 -47.635 -6.140 25.098 70.848 9.102 4.126e+03 2.736e+01 -1.617e+03 6.748e+01 3.353e+00 -5.529e+04 -2.031 148590826 2 10.387 7.857 12.045 10.470 10.648
545703 12.975 -1.000 10.068 5.586 5.197 5.679 -2.909 0.358 301.373 27.992 185.860 1.576e+03 4.461e+02 1.036e+03 3.159e+01 3.557e+00 -1.409e+05 -1.226 148590826 2 10.387 7.857 12.045 10.470 10.648
545703 12.887 -1.000 10.068 5.716 5.261 -11.484 -1.384 -3.934 51.666 -18.530 10.436 8.381e+02 5.933e+01 2.843e+02 1.271e+01 5.391e-01 -1.146e+05 -1.909 148590826 2 10.482 7.929 12.045 10.470 10.648
545703 12.887 -1.000 10.068 5.462 4.778 -9.595 3.126 -7.026 97.139 -89.706 100.420 8.648e+02 2.853e+02 5.571e+02 1.769e+01 1.414e+00 -1.137e+05 -1.806 148590826 2 10.482 7.929 12.045 10.470 10.648
545703 12.853 -1.000 10.068 5.603 5.024 -6.996 1.029 4.221 -83.072 -1.141 130.124 6.351e+02 4.077e+02 9.346e+01 1.087e+01 1.223e+00 -1.299e+05 -1.959 148590826 2 10.504 7.939 12.045 10.470 10.648
545703 12.782 -1.000 10.068 5.981 5.494 1.434 4.270 5.296 -8.532 63.994 -92.892 1.937e+02 6.387e+02 1.282e+02 7.305e+00 2.025e+00 -1.364e+05 -1.499 148590826 2 10.554 7.975 12.045 10.470 10.648
545703 12.782 -1.000 10.068 5.467 4.676 10.780 16.457 2.325 57.666 23.939 12.287 1.243e+03 1.790e+01 -6.909e+02 2.060e+01 1.390e+00 -9.634e+04 -1.767 148590826 2 10.554 7.975 12.045 10.470 10.648
545703 12.782 -1.000 10.068 5.676 5.277 -14.543 -19.200 1.948 68.099 43.475 -26.221 1.672e+03 5.752e+01 6.752e+02 2.627e+01 1.655e+00 -8.888e+04 -1.667 148590826 2 10.554 7.975 12.045 10.470 10.648
545703 12.782 -1.000 10.068 5.502 3.473 -6.457 -13.306 -7.561 -1.692 -46.807 19.523 1.013e+03 2.912e+02 2.797e+02 1.713e+01 1.393e+00 -1.024e+05 -1.514 148590826 2 10.554 7.975 12.045 10.470 10.648
545703 12.782 -1.000 10.068 5.479 4.842 -7.115 -6.486 -6.453 -78.648 -49.596 -66.456 8.840e+02 1.831e+02 -1.572e+02 1.399e+01 3.236e-01 -1.160e+05 -1.376 148590826 2 10.554 7.975 12.045 10.470 10.648
545703 12.705 -1.000 10.068 5.732 4.640 1.172 1.340 0.841 187.885 102.356 190.563 2.576e+02 8.765e+01 -1.318e+02 4.120e+00 4.494e-01 -2.001e+05 -1.792 148590826 2 10.582 7.970 12.045 10.470 10.648
545703 12.640 -1.000 10.068 5.864 5.498 -3.601 -3.814 1.739 -252.131 111.954 -71.943 2.106e+02 1.585e+02 -1.365e+03 1.253e+01 5.213e+00 -1.470e+05 -1.508 148590826 2 10.604 7.967 12.045 10.470 10.648
545703 12.640 -1.000 10.068 5.378 4.893 0.802 -4.849 -2.726 -37.074 148.169 254.648 8.620e+02 7.519e+02 -6.094e+01 1.650e+01 1.855e+00 -1.461e+05 -2.106 148590826 2 10.604 7.967 12.045 10.470 10.648
545703 12.640 -1.000 10.068 5.252 3.085 -8.574 -1.892 1.634 165.671 -96.436 -72.730 4.359e+02 9.060e+01 1.140e+03 1.384e+01 3.468e+00 -1.271e+05 -1.633 148590826 2 10.604 7.967 12.045 10.470 10.648
545703 12.351 -1.000 10.068 5.308 4.261 -1.432 4.207 -0.002 32.295 -285.859 -73.814 8.721e+02 6.787e+01 2.735e+02 1.267e+01 7.903e-01 -1.570e+05 -1.393 148590826 2 10.665 7.886 12.045 10.470 10.648
545703 12.128 -1.000 10.068 5.517 4.949 9.465 10.876 -6.951 -15.325 -99.368 98.949 8.999e+02 4.087e+02 -7.738e+02 2.019e+01 2.926e+00 -1.039e+05 -1.683 148590826 2 10.757 7.995 12.045 10.470 10.648
545703 12.004 -1.000 10.068 5.684 5.284 -4.004 -6.359 -4.046 83.598 246.952 14.195 1.127e+03 3.374e+02 -4.572e+02 2.012e+01 2.443e+00 -1.285e+05 -1.753 148590826 2 10.804 8.029 12.045 10.470 10.648
545703 12.004 -1.000 10.068 5.111 3.125 6.515 14.530 -9.210 26.804 71.786 -2.579 1.275e+03 3.530e+02 7.822e+01 2.004e+01 1.300e+00 -9.833e+04 -1.272 148590826 2 10.804 8.029 12.045 10.470 10.648
545703 11.872 -1.000 10.068 5.986 5.662 21.202 6.146 3.940 75.242 9.167 59.790 1.671e+03 2.852e+02 -2.681e+02 2.485e+01 2.330e+00 -9.161e+04 -1.198 148590826 2 10.889 8.286 12.045 10.470 10.648
545703 11.872 -1.000 10.068 5.533 5.103 2.477 6.974 5.953 157.289 167.287 133.018 1.181e+03 3.888e+02 -6.826e+02 2.389e+01 1.922e+00 -1.238e+05 -1.653 148590826 2 10.889 8.286 12.045 10.470 10.648
545703 11.872 -1.000 10.068 5.383 4.971 -16.288 -5.224 -7.342 -190.676 108.464 -77.675 1.006e+03 3.273e+02 -2.763e+03 3.548e+01 9.053e+00 -9.821e+04 -1.606 148590826 2 10.889 8.286 12.045 10.470 10.648
545703 11.872 -1.000 10.068 5.776 5.424 -8.476 -6.951 7.172 76.740 117.269 -108.150 1.078e+03 2.943e+02 -4.606e+02 2.000e+01 1.115e+00 -1.113e+05 -1.183 148590826 2 10.889 8.286 12.045 10.470 10.648
545703 11.872 -1.000 10.068 5.632 5.215 -1.934 2.014 10.658 -65.261 95.123 105.533 4.683e+02 1.096e+03 -5.253e+01 1.528e+01 2.237e+00 -1.166e+05 -1.053 148590826 2 10.889 8.286 12.045 10.470 10.648
545703 11.872 -1.000 10.068 5.030 4.466 -18.980 9.727 24.055 123.281 -4.278 -0.965 9.959e+02 2.109e+03 -1.118e+03 3.789e+01 9.408e+00 -7.653e+04 -1.564 148590826 2 10.889 8.286 12.045 10.470 10.648
545703 11.670 -1.000 10.068 5.957 5.593 8.958 -0.223 3.637 -193.081 -63.254 -37.735 8.860e+02 1.230e+02 -6.097e+02 1.648e+01 1.579e+00 -1.237e+05 -1.716 148590826 2 10.951 8.321 12.045 10.470 10.648
545703 11.670 -1.000 10.068 5.112 3.882 -1.135 -6.102 10.600 55.732 -106.833 49.386 4.124e+02 8.232e+02 4.613e+02 1.494e+01 3.037e+00 -1.126e+05 -0.944 148590826 2 10.951 8.321 12.045 10.470 10.648
545703 11.670 -1.000 10.068 5.200 3.423 -4.811 5.828 -6.118 56.881 24.213 125.144 3.470e+02 5.919e+02 -4.480e+02 1.157e+01 2.764e+00 -1.229e+05 -1.553 148590826 2 10.951 8.321 12.045 10.470 10.648
545703 11.670 -1.000 10.068 5.616 5.197 1.722 -14.341 -3.477 58.761 -59.427 -105.717 6.584e+02 5.855e+02 7.404e+02 1.711e+01 4.345e+00 -1.072e+05 -1.449 148590826 2 10.951 8.321 12.045 10.470 10.648
545703 11.670 -1.000 10.068 5.653 4.897 -5.879 0.538 0.809 5.429 -16.512 -34.094 4.441e+02 5.986e+01 9.415e+01 5.972e+00 4.061e-01 -1.439e+05 -1.180 148590826 2 10.951 8.321 12.045 10.470 10.648
545703 12.705 -1.000 10.068 5.029 3.954 10.422 -5.486 -19.189 94.565 -55.780 10.076 5.685e+02 2.312e+03 -6.256e+01 2.555e+01 6.634e+00 -8.910e+04 -1.977 148593816 2 9.858 6.451 12.045 10.470 10.648
545703 12.853 -1.000 8.830 5.405 4.893 10.894 -8.378 7.080 134.543 -52.534 11.644 1.041e+03 3.572e+02 5.549e+02 2.004e+01 2.368e+00 -1.051e+05 -2.199 148599138 2 9.883 6.626 12.045 10.470 10.648
545703 11.872 -1.000 8.830 5.545 5.197 57.459 22.655 -4.236 -80.288 4.020 -19.243 3.775e+03 2.215e+02 2.050e+03 6.728e+01 5.929e+00 -5.551e+04 -1.408 148599138 2 10.563 7.601 12.045 10.470 10.648
545703 11.872 -1.000 8.830 5.177 4.108 -14.703 7.269 -15.369 -85.009 84.889 -118.862 1.676e+03 7.488e+02 -6.302e+02 3.422e+01 1.714e+00 -9.000e+04 -1.352 148599138 2 10.563 7.601 12.045 10.470 10.648
545703 11.670 -1.000 8.830 5.339 4.751 5.579 13.011 -2.979 -223.214 -142.816 -19.792 1.444e+03 1.614e+02 2.107e+03 3.509e+01 6.353e+00 -1.082e+05 -1.175 148599138 2 10.628 7.702 12.045 10.470 10.648
545703 11.578 -1.000 8.830 5.484 4.820 15.276 -6.271 -0.805 -98.769 81.560 -3.484 1.269e+03 8.325e+00 6.265e+02 2.026e+01 1.239e+00 -1.032e+05 -1.190 148599138 2 10.656 7.853 12.045 10.470 10.648
545703 12.276 -1.000 11.431 5.153 4.606 -17.461 -41.975 5.476 66.023 122.884 18.239 4.086e+03 3.037e+02 6.256e+02 6.068e+01 3.631e+00 -6.568e+04 -1.914 148600394 2 9.940 6.441 12.045 10.470 10.648
545703 13.132 -1.000 3.505 5.226 3.656 27.504 -17.705 -0.895 78.496 -82.371 0.763 2.532e+03 3.294e+00 -8.758e+02 3.889e+01 1.673e+00 -7.767e+04 -2.852 148621221 0 9.454 6.342 12.045 10.470 10.648
545703 12.536 -1.000 3.505 5.158 4.506 14.991 -19.170 -4.392 -135.875 212.527 27.101 4.228e+03 6.858e+01 5.813e+02 6.135e+01 1.249e+00 -8.793e+04 -1.836 148621221 2 10.036 6.726 12.045 10.470 10.648
545703 12.451 -1.000 3.505 5.223 4.611 -24.557 46.659 -38.061 27.625 -53.728 75.278 4.331e+03 1.433e+03 3.044e+01 7.645e+01 3.386e+00 -5.315e+04 -1.650 148621221 2 10.076 6.761 12.045 10.470 10.648
545703 12.351 -1.000 3.505 5.253 3.950 7.480 28.679 -23.738 -2.337 14.307 -12.763 2.328e+03 7.030e+02 1.740e+02 3.944e+01 3.500e-01 -7.113e+04 -1.458 148621221 2 10.129 6.842 12.045 10.470 10.648
545703 12.276 -1.000 3.505 5.476 4.988 -22.651 -0.768 -14.800 -111.221 6.608 -82.849 2.208e+03 4.887e+02 -2.351e+02 3.616e+01 5.795e-01 -8.364e+04 -1.710 148621221 2 10.208 6.964 12.045 10.470 10.648
545703 12.004 -1.000 3.505 5.472 5.034 -9.657 36.426 -2.007 27.888 -143.847 -13.934 3.689e+03 8.771e+01 3.733e+02 5.126e+01 1.639e+00 -7.252e+04 -1.596 148621221 2 10.344 7.277 12.045 10.470 10.648
545703 11.872 -1.000 3.505 5.146 4.616 15.486 25.414 -75.829 14.132 24.313 -93.266 4.524e+03 3.316e+03 1.736e+01 1.003e+02 1.010e+00 -4.522e+04 -1.852 148621221 2 10.408 7.341 12.045 10.470 10.648
545703 11.670 -1.000 3.505 5.254 4.174 -9.918 -16.492 -16.636 3.860 -17.152 10.922 1.465e+03 5.957e+02 2.338e+02 2.647e+01 9.075e-01 -8.551e+04 -2.132 148621221 2 10.478 7.395 12.045 10.470 10.648
545703 9.774 -1.000 3.505 5.460 4.970 22.817 9.866 -6.258 135.136 53.792 -14.840 2.493e+03 1.224e+02 -1.059e+02 3.433e+01 9.370e-01 -8.649e+04 -0.747 148621221 2 10.728 7.954 12.045 10.470 10.648
545703 9.154 -1.000 3.505 5.554 5.180 14.076 4.633 4.146 -270.511 -50.156 33.645 2.741e+03 4.173e+02 5.473e+02 4.270e+01 3.955e+00 -1.058e+05 -1.488 148621221 2 10.839 8.225 12.045 10.470 10.648
545703 9.154 -1.000 3.505 5.426 4.997 22.135 7.577 -6.574 -194.493 -57.938 52.258 3.182e+03 1.217e+02 1.912e+02 4.479e+01 3.391e-01 -8.844e+04 -1.025 148621221 2 10.839 8.225 12.045 10.470 10.648
545703 12.640 -1.000 7.735 5.168 4.275 20.206 48.491 -11.131 13.761 40.642 27.674 3.795e+03 5.101e+02 1.539e+02 5.497e+01 4.350e+00 -6.016e+04 -2.244 148624820 1 9.531 6.105 12.045 10.470 10.648
545703 12.451 -1.000 7.735 5.081 4.417 -2.816 36.353 1.516 -69.154 205.128 -77.709 4.170e+03 9.837e+02 1.936e+03 7.720e+01 9.368e+00 -7.373e+04 -1.769 148624820 1 9.687 6.409 12.045 10.470 10.648
545703 12.351 -1.000 7.735 5.257 4.695 15.931 1.264 -10.014 195.477 23.644 -68.606 2.190e+03 4.498e+02 1.296e+02 3.440e+01 1.714e+00 -9.727e+04 -1.976 148624820 2 9.762 6.475 12.045 10.470 10.648
545703 12.004 -1.000 7.735 5.320 4.742 -38.633 64.304 -85.465 -95.594 81.093 -142.725 1.317e+04 2.292e+03 3.014e+03 2.539e+02 1.009e+01 -3.631e+04 -1.657 148624820 2 9.924 6.654 12.045 10.470 10.648
